3.7621956910836314 0.0 -2.0
3.076674509483787 0.0 -1.7894736842105263
2.5280200242351176 0.0 -1.5789473684210527
2.0918251924077444 0.0 -1.368421052631579
1.7486857691217987 0.0 -1.1578947368421053
1.4833371044742025 0.0 -0.9473684210526316
1.2839750914658032 0.0 -0.736842105263158
1.141731057114044 0.0 -0.5263157894736843
1.0502772371405205 0.0 -0.3157894736842106
1.0055452836683652 0.0 -0.10526315789473695
1.005545283668365 0.0 0.10526315789473673
1.0502772371405205 0.0 0.3157894736842106
1.1417310571140438 0.0 0.5263157894736841
1.2839750914658028 0.0 0.7368421052631575
1.4833371044742023 0.0 0.9473684210526314
1.7486857691217987 0.0 1.1578947368421053
2.091825192407744 0.0 1.3684210526315788
2.5280200242351167 0.0 1.5789473684210522
3.076674509483786 0.0 1.789473684210526
3.7621956910836314 0.0 2.0
3.558349551278733 1.2215829439390025 -2.0
2.9099717981706084 0.9989945801449654 -1.7894736842105263
2.3910449262860305 0.8208467600079536 -1.5789473684210527
1.9784843336029923 0.6792145296437795 -1.368421052631579
1.6539371507519325 0.5677973410396316 -1.1578947368421053
1.4029658086659964 0.48163877047438564 -0.9473684210526316
1.214405779422506 0.4169060306709812 -0.736842105263158
1.0798689192035549 0.3707194682194322 -0.5263157894736843
0.9933703194532104 0.3410244614172884 -0.3157894736842106
0.9510620666042954 0.326500019868391 -0.10526315789473695
0.9510620666042952 0.32650001986839094 0.10526315789473673
0.9933703194532104 0.3410244614172884 0.3157894736842106
1.0798689192035547 0.37071946821943214 0.5263157894736841
1.2144057794225056 0.41690603067098103 0.7368421052631575
1.4029658086659962 0.4816387704743856 0.9473684210526314
1.6539371507519325 0.5677973410396316 1.1578947368421053
1.9784843336029918 0.6792145296437793 1.3684210526315788
2.3910449262860296 0.8208467600079534 1.5789473684210522
2.9099717981706075 0.9989945801449651 1.789473684210526
3.558349551278733 1.2215829439390025 2.0
2.9689010241106537 2.310788421089857 -2.0
2.427928489660935 1.88973259653319 -1.7894736842105263
1.994963009689184 1.5527420368192513 -1.5789473684210527
1.6507439979048564 1.284825625901347 -1.368421052631579
1.3799587786190006 1.0740650298941181 -1.1578947368421053
1.1705613982313436 0.9110845067723371 -0.9473684210526316
1.013236757731605 0.7886338239551753 -0.736842105263158
0.9009862280046596 0.701265729752059 -0.5263157894736843
0.8288163139245072 0.6450936309002886 -0.3157894736842106
0.7935165173751948 0.617618696414248 -0.10526315789473695
0.7935165173751946 0.6176186964142479 0.10526315789473673
0.8288163139245072 0.6450936309002886 0.3157894736842106
0.9009862280046594 0.7012657297520589 0.5263157894736841
1.0132367577316046 0.7886338239551751 0.7368421052631575
1.1705613982313434 0.911084506772337 0.9473684210526314
1.3799587786190006 1.0740650298941181 1.1578947368421053
1.6507439979048562 1.2848256259013469 1.3684210526315788
1.9949630096891833 1.5527420368192508 1.5789473684210522
2.427928489660934 1.8897325965331893 1.789473684210526
2.9689010241106537 2.310788421089857 2.0
2.0577260037343232 3.1495841172389434 -2.0
1.6827814561043786 2.575688763864634 -1.7894736842105263
1.3826958959520106 2.1163736206660655 -1.5789473684210527
1.144119936101507 1.7512059294688276 -1.368421052631579
0.9564404605560674 1.4639411069234973 -1.1578947368421053
0.8113084971668191 1.2418000998288046 -0.9473684210526316
0.7022678113522958 1.0749009054992344 -0.736842105263158
0.6244676987596978 0.9558189682071181 -0.5263157894736843
0.5744472003719191 0.879256895816228 -0.3157894736842106
0.5499811408111056 0.8418088038621405 -0.10526315789473695
0.5499811408111055 0.8418088038621403 0.10526315789473673
0.5744472003719191 0.879256895816228 0.3157894736842106
0.6244676987596977 0.9558189682071179 0.5263157894736841
0.7022678113522954 1.074900905499234 0.7368421052631575
0.8113084971668189 1.2418000998288043 0.9473684210526314
0.9564404605560674 1.4639411069234973 1.1578947368421053
1.1441199361015069 1.7512059294688271 1.3684210526315788
1.3826958959520101 2.1163736206660646 1.5789473684210522
1.6827814561043781 2.5756887638646337 1.789473684210526
2.0577260037343232 3.1495841172389434 2.0
0.9235644419446811 3.647073503452275 -2.0
0.7552789407343069 2.982529087702342 -1.7894736842105263
0.6205922271510529 2.4506632837934754 -1.5789473684210527
0.5135127263716113 2.0278158978186585 -1.368421052631579
0.42927697788904795 1.6951764496309942 -1.1578947368421053
0.3641377316858722 1.4379473835549683 -0.9473684210526316
0.31519725080513494 1.2446857951264256 -0.736842105263158
0.2802784047394208 1.106794390397547 -0.5263157894736843
0.2578278191923334 1.0181390329940456 -0.3157894736842106
0.24684677380346176 0.9747758654021526 -0.10526315789473695
0.2468467738034617 0.9747758654021523 0.10526315789473673
0.2578278191923334 1.0181390329940456 0.3157894736842106
0.28027840473942073 1.1067943903975468 0.5263157894736841
0.31519725080513483 1.2446857951264252 0.7368421052631575
0.36413773168587216 1.437947383554968 0.9473684210526314
0.42927697788904795 1.6951764496309942 1.1578947368421053
0.5135127263716112 2.027815897818658 1.3684210526315788
0.6205922271510527 2.4506632837934745 1.5789473684210522
0.7552789407343067 2.982529087702341 1.789473684210526
0.9235644419446811 3.647073503452275 2.0
-0.310679657708515 3.7493458853904587 -2.0
-0.2540697672245801 3.0661661061804444 -1.7894736842105263
-0.20876223894228557 2.519385554163064 -1.5789473684210527
-0.17274155523156706 2.0846805488342515 -1.368421052631579
-0.14440532625086008 1.7427131206482263 -1.1578947368421053
-0.12249300720230419 1.4782707562204047 -0.9473684210526316
-0.106029822656024 1.27958966556164 -0.736842105263158
-0.09428340340191177 1.1378314667039688 -0.5263157894736843
-0.08673120680755368 1.0466900078921315 -0.3157894736842106
-0.08303727136812428 1.0021108367198857 -0.10526315789473695
-0.08303727136812426 1.0021108367198854 0.10526315789473673
-0.08673120680755368 1.0466900078921315 0.3157894736842106
-0.09428340340191174 1.1378314667039686 0.5263157894736841
-0.10602982265602395 1.2795896655616397 0.7368421052631575
-0.12249300720230417 1.4782707562204045 0.9473684210526314
-0.14440532625086008 1.7427131206482263 1.1578947368421053
-0.172741555231567 2.084680548834251 1.3684210526315788
-0.2087622389422855 2.519385554163063 1.5789473684210522
-0.25406976722457997 3.0661661061804435 1.789473684210526
-0.310679657708515 3.7493458853904587 2.0
-1.5112567957574106 3.44531846355098 -2.0
-1.2358860736060557 2.8175364505847846 -1.7894736842105263
-1.0154940771663352 2.3150933074443927 -1.5789473684210527
-0.840276608964008 1.9156377152320958 -1.368421052631579
-0.7024390726119851 1.6013997840630274 -1.1578947368421053
-0.5958497280852706 1.3584005547152211 -0.9473684210526316
-0.5157669196101908 1.1758301408538703 -0.736842105263158
-0.4586281418269094 1.0455668483187235 -0.5263157894736843
-0.42189156077650863 0.9618158793662571 -0.3157894736842106
-0.4039229397309544 0.9208515495272822 -0.10526315789473695
-0.4039229397309543 0.920851549527282 0.10526315789473673
-0.42189156077650863 0.9618158793662571 0.3157894736842106
-0.4586281418269093 1.0455668483187233 0.5263157894736841
-0.5157669196101907 1.17583014085387 0.7368421052631575
-0.5958497280852705 1.358400554715221 0.9473684210526314
-0.7024390726119851 1.6013997840630274 1.1578947368421053
-0.8402766089640078 1.9156377152320954 1.3684210526315788
-1.0154940771663348 2.315093307444392 1.5789473684210522
-1.2358860736060553 2.8175364505847837 1.789473684210526
-1.5112567957574106 3.44531846355098 2.0
-2.548065810420712 2.7679373265616545 -2.0
-2.0837749471640348 2.263583001985751 -1.7894736842105263
-1.712181375115304 1.859924778490246 -1.5789473684210527
-1.416754653880235 1.539005811002802 -1.368421052631579
-1.1843526459903793 1.2865499325967429 -1.1578947368421053
-1.0046368853690637 1.09132657535032 -0.9473684210526316
-0.8696126678762636 0.9446511755001127 -0.736842105263158
-0.7732734047361183 0.8399988382769131 -0.5263157894736843
-0.7113334178132726 0.7727140761999959 -0.3157894736842106
-0.6810372900637618 0.7398037084594131 -0.10526315789473695
-0.6810372900637617 0.739803708459413 0.10526315789473673
-0.7113334178132726 0.7727140761999959 0.3157894736842106
-0.773273404736118 0.8399988382769129 0.5263157894736841
-0.8696126678762633 0.9446511755001124 0.7368421052631575
-1.0046368853690635 1.0913265753503198 0.9473684210526314
-1.1843526459903793 1.2865499325967429 1.1578947368421053
-1.4167546538802347 1.5390058110028015 1.3684210526315788
-1.7121813751153034 1.8599247784902453 1.5789473684210522
-2.083774947164034 2.2635830019857504 1.789473684210526
-2.548065810420712 2.7679373265616545 2.0
-3.3087523572102104 1.7906072312665662 -2.0
-2.7058544720970903 1.4643352120124258 -1.7894736842105263
-2.223327253839178 1.203204540080224 -1.5789473684210527
-1.8397053488350745 0.995598747015741 -1.368421052631579
-1.5379232330509527 0.8322824330545502 -1.1578947368421053
-1.3045560475756985 0.705990427869658 -0.9473684210526316
-1.1292223901471248 0.6111045975076873 -0.736842105263158
-1.0041224956690384 0.5434039201828915 -0.5263157894736843
-0.9236912615547607 0.4998767129832111 -0.3157894736842106
-0.8843506826358102 0.4785866563426831 -0.10526315789473695
-0.88435068263581 0.47858665634268305 0.10526315789473673
-0.9236912615547607 0.4998767129832111 0.3157894736842106
-1.0041224956690382 0.5434039201828914 0.5263157894736841
-1.1292223901471243 0.6111045975076871 0.7368421052631575
-1.3045560475756983 0.7059904278696579 0.9473684210526314
-1.5379232330509527 0.8322824330545502 1.1578947368421053
-1.839705348835074 0.9955987470157408 1.3684210526315788
-2.223327253839177 1.2032045400802236 1.5789473684210522
-2.70585447209709 1.4643352120124253 1.789473684210526
-3.3087523572102104 1.7906072312665662 2.0
-3.7108842455133564 0.6192370583298533 -2.0
-3.0347126793203594 0.5064039803156622 -1.7894736842105263
-2.4935411261327323 0.4160984201104705 -1.5789473684210527
-2.0632954232739533 0.34430311048327034 -1.368421052631579
-1.7248359744727693 0.28782421769835276 -1.1578947368421053
-1.4631063197547944 0.24414926295914174 -0.9473684210526316
-1.2664633447548392 0.21133535411048188 -0.736842105263158
-1.1261593336303763 0.18792275555647542 -0.5263157894736843
-1.035952824560134 0.1728699515283253 -0.3157894736842106
-0.9918309566295888 0.16550731397411905 -0.10526315789473695
-0.9918309566295885 0.165507313974119 0.10526315789473673
-1.035952824560134 0.1728699515283253 0.3157894736842106
-1.1261593336303761 0.1879227555564754 0.5263157894736841
-1.2664633447548388 0.21133535411048182 0.7368421052631575
-1.4631063197547942 0.2441492629591417 0.9473684210526314
-1.7248359744727693 0.28782421769835276 1.1578947368421053
-2.063295423273953 0.3443031104832703 1.3684210526315788
-2.4935411261327314 0.4160984201104704 1.5789473684210522
-3.0347126793203585 0.5064039803156621 1.789473684210526
-3.7108842455133564 0.6192370583298533 2.0
-3.710884245513357 -0.6192370583298524 -2.0
-3.03471267932036 -0.5064039803156615 -1.7894736842105263
-2.4935411261327327 -0.4160984201104699 -1.5789473684210527
-2.0632954232739533 -0.34430311048326984 -1.368421052631579
-1.7248359744727695 -0.2878242176983523 -1.1578947368421053
-1.4631063197547947 -0.24414926295914136 -0.9473684210526316
-1.2664633447548395 -0.21133535411048157 -0.736842105263158
-1.1261593336303766 -0.18792275555647514 -0.5263157894736843
-1.035952824560134 -0.17286995152832504 -0.3157894736842106
-0.9918309566295889 -0.1655073139741188 -0.10526315789473695
-0.9918309566295886 -0.16550731397411875 0.10526315789473673
-1.035952824560134 -0.17286995152832504 0.3157894736842106
-1.1261593336303763 -0.18792275555647509 0.5263157894736841
-1.266463344754839 -0.2113353541104815 0.7368421052631575
-1.4631063197547944 -0.24414926295914133 0.9473684210526314
-1.7248359744727695 -0.2878242176983523 1.1578947368421053
-2.063295423273953 -0.3443031104832697 1.3684210526315788
-2.493541126132732 -0.4160984201104697 1.5789473684210522
-3.034712679320359 -0.5064039803156614 1.789473684210526
-3.710884245513357 -0.6192370583298524 2.0
-3.308752357210211 -1.7906072312665653 -2.0
-2.7058544720970907 -1.4643352120124251 -1.7894736842105263
-2.2233272538391784 -1.2032045400802234 -1.5789473684210527
-1.8397053488350747 -0.9955987470157406 -1.368421052631579
-1.537923233050953 -0.8322824330545499 -1.1578947368421053
-1.3045560475756988 -0.7059904278696577 -0.9473684210526316
-1.129222390147125 -0.611104597507687 -0.736842105263158
-1.0041224956690384 -0.5434039201828913 -0.5263157894736843
-0.9236912615547608 -0.4998767129832109 -0.3157894736842106
-0.8843506826358103 -0.4785866563426829 -0.10526315789473695
-0.8843506826358101 -0.4785866563426828 0.10526315789473673
-0.9236912615547608 -0.4998767129832109 0.3157894736842106
-1.0041224956690382 -0.5434039201828912 0.5263157894736841
-1.1292223901471246 -0.6111045975076868 0.7368421052631575
-1.3045560475756985 -0.7059904278696576 0.9473684210526314
-1.537923233050953 -0.8322824330545499 1.1578947368421053
-1.8397053488350743 -0.9955987470157404 1.3684210526315788
-2.2233272538391775 -1.2032045400802232 1.5789473684210522
-2.70585447209709 -1.4643352120124247 1.789473684210526
-3.308752357210211 -1.7906072312665653 2.0
-2.5480658104207143 -2.767937326561653 -2.0
-2.083774947164036 -2.2635830019857495 -1.7894736842105263
-1.7121813751153054 -1.8599247784902448 -1.5789473684210527
-1.416754653880236 -1.5390058110028009 -1.368421052631579
-1.1843526459903804 -1.286549932596742 -1.1578947368421053
-1.0046368853690646 -1.0913265753503194 -0.9473684210526316
-0.8696126678762643 -0.9446511755001121 -0.736842105263158
-0.7732734047361188 -0.8399988382769126 -0.5263157894736843
-0.7113334178132732 -0.7727140761999953 -0.3157894736842106
-0.6810372900637623 -0.7398037084594127 -0.10526315789473695
-0.6810372900637622 -0.7398037084594126 0.10526315789473673
-0.7113334178132732 -0.7727140761999953 0.3157894736842106
-0.7732734047361187 -0.8399988382769125 0.5263157894736841
-0.869612667876264 -0.9446511755001118 0.7368421052631575
-1.0046368853690644 -1.0913265753503192 0.9473684210526314
-1.1843526459903804 -1.286549932596742 1.1578947368421053
-1.4167546538802358 -1.5390058110028006 1.3684210526315788
-1.7121813751153048 -1.8599247784902442 1.5789473684210522
-2.0837749471640357 -2.263583001985749 1.789473684210526
-2.5480658104207143 -2.767937326561653 2.0
-1.5112567957574128 -3.4453184635509793 -2.0
-1.2358860736060575 -2.817536450584784 -1.7894736842105263
-1.0154940771663368 -2.3150933074443922 -1.5789473684210527
-0.8402766089640094 -1.9156377152320954 -1.368421052631579
-0.7024390726119861 -1.6013997840630272 -1.1578947368421053
-0.5958497280852715 -1.3584005547152207 -0.9473684210526316
-0.5157669196101916 -1.17583014085387 -0.736842105263158
-0.4586281418269101 -1.0455668483187233 -0.5263157894736843
-0.4218915607765093 -0.9618158793662569 -0.3157894736842106
-0.403922939730955 -0.920851549527282 -0.10526315789473695
-0.4039229397309549 -0.9208515495272818 0.10526315789473673
-0.4218915607765093 -0.9618158793662569 0.3157894736842106
-0.45862814182691003 -1.045566848318723 0.5263157894736841
-0.5157669196101915 -1.1758301408538696 0.7368421052631575
-0.5958497280852715 -1.3584005547152205 0.9473684210526314
-0.7024390726119861 -1.6013997840630272 1.1578947368421053
-0.8402766089640091 -1.915637715232095 1.3684210526315788
-1.0154940771663363 -2.3150933074443913 1.5789473684210522
-1.235886073606057 -2.8175364505847833 1.789473684210526
-1.5112567957574128 -3.4453184635509793 2.0
-0.3106796577085168 -3.7493458853904587 -2.0
-0.2540697672245815 -3.0661661061804444 -1.7894736842105263
-0.20876223894228677 -2.519385554163064 -1.5789473684210527
-0.17274155523156803 -2.0846805488342515 -1.368421052631579
-0.14440532625086092 -1.7427131206482263 -1.1578947368421053
-0.1224930072023049 -1.4782707562204047 -0.9473684210526316
-0.10602982265602459 -1.27958966556164 -0.736842105263158
-0.0942834034019123 -1.1378314667039688 -0.5263157894736843
-0.08673120680755418 -1.0466900078921315 -0.3157894736842106
-0.08303727136812475 -1.0021108367198857 -0.10526315789473695
-0.08303727136812473 -1.0021108367198854 0.10526315789473673
-0.08673120680755418 -1.0466900078921315 0.3157894736842106
-0.09428340340191228 -1.1378314667039686 0.5263157894736841
-0.10602982265602456 -1.2795896655616397 0.7368421052631575
-0.12249300720230488 -1.4782707562204045 0.9473684210526314
-0.14440532625086092 -1.7427131206482263 1.1578947368421053
-0.172741555231568 -2.084680548834251 1.3684210526315788
-0.20876223894228668 -2.519385554163063 1.5789473684210522
-0.2540697672245814 -3.0661661061804435 1.789473684210526
-0.3106796577085168 -3.7493458853904587 2.0
0.9235644419446795 -3.6470735034522757 -2.0
0.7552789407343056 -2.9825290877023423 -1.7894736842105263
0.6205922271510518 -2.450663283793476 -1.5789473684210527
0.5135127263716103 -2.0278158978186585 -1.368421052631579
0.4292769778890472 -1.6951764496309945 -1.1578947368421053
0.36413773168587155 -1.4379473835549683 -0.9473684210526316
0.3151972508051344 -1.2446857951264259 -0.736842105263158
0.2802784047394203 -1.1067943903975472 -0.5263157894736843
0.25782781919233294 -1.0181390329940458 -0.3157894736842106
0.24684677380346132 -0.9747758654021527 -0.10526315789473695
0.24684677380346126 -0.9747758654021524 0.10526315789473673
0.25782781919233294 -1.0181390329940458 0.3157894736842106
0.28027840473942023 -1.106794390397547 0.5263157894736841
0.3151972508051343 -1.2446857951264254 0.7368421052631575
0.3641377316858715 -1.437947383554968 0.9473684210526314
0.4292769778890472 -1.6951764496309945 1.1578947368421053
0.5135127263716102 -2.027815897818658 1.3684210526315788
0.6205922271510516 -2.450663283793475 1.5789473684210522
0.7552789407343053 -2.9825290877023414 1.789473684210526
0.9235644419446795 -3.6470735034522757 2.0
2.057726003734322 -3.1495841172389443 -2.0
1.6827814561043775 -2.575688763864635 -1.7894736842105263
1.3826958959520097 -2.116373620666066 -1.5789473684210527
1.1441199361015064 -1.751205929468828 -1.368421052631579
0.9564404605560667 -1.4639411069234978 -1.1578947368421053
0.8113084971668185 -1.2418000998288048 -0.9473684210526316
0.7022678113522953 -1.0749009054992347 -0.736842105263158
0.6244676987596974 -0.9558189682071183 -0.5263157894736843
0.5744472003719187 -0.8792568958162283 -0.3157894736842106
0.5499811408111053 -0.8418088038621407 -0.10526315789473695
0.5499811408111052 -0.8418088038621405 0.10526315789473673
0.5744472003719187 -0.8792568958162283 0.3157894736842106
0.6244676987596973 -0.9558189682071181 0.5263157894736841
0.7022678113522951 -1.0749009054992344 0.7368421052631575
0.8113084971668184 -1.2418000998288046 0.9473684210526314
0.9564404605560667 -1.4639411069234978 1.1578947368421053
1.1441199361015062 -1.7512059294688276 1.3684210526315788
1.3826958959520093 -2.1163736206660655 1.5789473684210522
1.682781456104377 -2.575688763864634 1.789473684210526
2.057726003734322 -3.1495841172389443 2.0
2.968901024110653 -2.3107884210898577 -2.0
2.427928489660934 -1.8897325965331906 -1.7894736842105263
1.9949630096891835 -1.552742036819252 -1.5789473684210527
1.650743997904856 -1.2848256259013475 -1.368421052631579
1.3799587786190002 -1.0740650298941186 -1.1578947368421053
1.1705613982313434 -0.9110845067723374 -0.9473684210526316
1.0132367577316048 -0.7886338239551757 -0.736842105263158
0.9009862280046593 -0.7012657297520593 -0.5263157894736843
0.8288163139245069 -0.6450936309002888 -0.3157894736842106
0.7935165173751946 -0.6176186964142483 -0.10526315789473695
0.7935165173751944 -0.6176186964142482 0.10526315789473673
0.8288163139245069 -0.6450936309002888 0.3157894736842106
0.9009862280046592 -0.7012657297520591 0.5263157894736841
1.0132367577316044 -0.7886338239551753 0.7368421052631575
1.1705613982313432 -0.9110845067723373 0.9473684210526314
1.3799587786190002 -1.0740650298941186 1.1578947368421053
1.6507439979048557 -1.2848256259013473 1.3684210526315788
1.9949630096891826 -1.5527420368192515 1.5789473684210522
2.4279284896609337 -1.88973259653319 1.789473684210526
2.968901024110653 -2.3107884210898577 2.0
3.558349551278733 -1.2215829439390034 -2.0
2.9099717981706084 -0.9989945801449662 -1.7894736842105263
2.3910449262860305 -0.8208467600079544 -1.5789473684210527
1.9784843336029923 -0.67921452964378 -1.368421052631579
1.6539371507519325 -0.5677973410396322 -1.1578947368421053
1.4029658086659964 -0.4816387704743861 -0.9473684210526316
1.214405779422506 -0.41690603067098153 -0.736842105263158
1.0798689192035549 -0.3707194682194325 -0.5263157894736843
0.9933703194532104 -0.34102446141728876 -0.3157894736842106
0.9510620666042954 -0.3265000198683913 -0.10526315789473695
0.9510620666042952 -0.3265000198683912 0.10526315789473673
0.9933703194532104 -0.34102446141728876 0.3157894736842106
1.0798689192035547 -0.37071946821943247 0.5263157894736841
1.2144057794225056 -0.4169060306709814 0.7368421052631575
1.4029658086659962 -0.48163877047438597 0.9473684210526314
1.6539371507519325 -0.5677973410396322 1.1578947368421053
1.9784843336029918 -0.6792145296437799 1.3684210526315788
2.3910449262860296 -0.8208467600079541 1.5789473684210522
2.9099717981706075 -0.998994580144966 1.789473684210526
3.558349551278733 -1.2215829439390034 2.0
3.7621956910836314 -9.214721821703068e-16 -2.0
3.076674509483787 -7.535679180115145e-16 -1.7894736842105263
2.5280200242351176 -6.191863261719902e-16 -1.5789473684210527
2.0918251924077444 -5.123494052515881e-16 -1.368421052631579
1.7486857691217987 -4.2830448597390767e-16 -1.1578947368421053
1.4833371044742025 -3.6331280741016705e-16 -0.9473684210526316
1.2839750914658032 -3.144831971897052e-16 -0.736842105263158
1.141731057114044 -2.796434569163676e-16 -0.5263157894736843
1.0502772371405205 -2.572437313362928e-16 -0.3157894736842106
1.0055452836683652 -2.4628756260843613e-16 -0.10526315789473695
1.005545283668365 -2.462875626084361e-16 0.10526315789473673
1.0502772371405205 -2.572437313362928e-16 0.3157894736842106
1.1417310571140438 -2.7964345691636753e-16 0.5263157894736841
1.2839750914658028 -3.144831971897051e-16 0.7368421052631575
1.4833371044742023 -3.63312807410167e-16 0.9473684210526314
1.7486857691217987 -4.2830448597390767e-16 1.1578947368421053
2.091825192407744 -5.12349405251588e-16 1.3684210526315788
2.5280200242351167 -6.1918632617199e-16 1.5789473684210522
3.076674509483786 -7.535679180115143e-16 1.789473684210526
3.7621956910836314 -9.214721821703068e-16 2.0
