0.4785599708557129 -1.4246399402618408 2.4000000953674316
0.46567079424858093 -1.3862696886062622 2.4630000591278076
0.0 -1.4595999717712402 2.4630000591278076
0.0 -1.5 2.4000000953674316
0.45297300815582275 -1.3484692573547363 2.494499921798706
0.0 -1.4197999238967896 2.494499921798706
0.4435294270515442 -1.3203563690185547 2.494499921798706
0.0 -1.390199899673462 2.494499921798706
0.4404028058052063 -1.3110487461090088 2.4630000591278076
0.0 -1.3804000616073608 2.4630000591278076
0.4466559886932373 -1.3296639919281006 2.4000000953674316
0.0 -1.399999976158142 2.4000000953674316
0.8908799886703491 -1.213919997215271 2.4000000953674316
0.8668856620788574 -1.181225061416626 2.4630000591278076
0.8432475924491882 -1.1490156650543213 2.494499921798706
0.8256675601005554 -1.12506103515625 2.494499921798706
0.8198471665382385 -1.117130160331726 2.4630000591278076
0.8314879536628723 -1.1329920291900635 2.4000000953674316
1.213919997215271 -0.8908799886703491 2.4000000953674316
1.181225061416626 -0.8668856620788574 2.4630000591278076
1.1490156650543213 -0.8432475924491882 2.494499921798706
1.12506103515625 -0.8256675601005554 2.494499683380127
1.117130160331726 -0.8198471665382385 2.4630000591278076
1.1329920291900635 -0.8314879536628723 2.4000000953674316
1.4246399402618408 -0.4785599708557129 2.4000003337860107
1.3862696886062622 -0.46567079424858093 2.4630002975463867
1.3484692573547363 -0.45297300815582275 2.494500160217285
1.3203563690185547 -0.4435293972492218 2.494500160217285
1.3110487461090088 -0.4404028058052063 2.463000535964966
1.3296639919281006 -0.4466559886932373 2.4000003337860107
1.5 0.0 2.4000000953674316
1.4595999717712402 0.0 2.4630000591278076
1.4197999238967896 0.0 2.494499921798706
1.390199899673462 0.0 2.494499921798706
1.3804000616073608 0.0 2.4630000591278076
1.399999976158142 0.0 2.4000000953674316
-1.4246399402618408 -0.4785599708557129 2.4000000953674316
-1.3862696886062622 -0.46567079424858093 2.4630000591278076
-1.4595999717712402 0.0 2.4630000591278076
-1.5 0.0 2.4000000953674316
-1.3484692573547363 -0.45297300815582275 2.494499921798706
-1.4197999238967896 0.0 2.494499921798706
-1.3203563690185547 -0.4435294270515442 2.494499921798706
-1.390199899673462 0.0 2.494499921798706
-1.3110487461090088 -0.4404028058052063 2.4630000591278076
-1.3804000616073608 0.0 2.4630000591278076
-1.3296639919281006 -0.4466559886932373 2.4000000953674316
-1.399999976158142 0.0 2.4000000953674316
-1.213919997215271 -0.8908799886703491 2.4000000953674316
-1.181225061416626 -0.8668856620788574 2.4630000591278076
-1.1490156650543213 -0.8432475924491882 2.494499921798706
-1.12506103515625 -0.8256675601005554 2.494499921798706
-1.117130160331726 -0.8198471665382385 2.4630000591278076
-1.1329920291900635 -0.8314879536628723 2.4000000953674316
-0.8908799886703491 -1.213919997215271 2.4000000953674316
-0.8668856620788574 -1.181225061416626 2.4630000591278076
-0.8432475924491882 -1.1490156650543213 2.494499921798706
-0.8256675601005554 -1.12506103515625 2.494499683380127
-0.8198471665382385 -1.117130160331726 2.4630000591278076
-0.8314879536628723 -1.1329920291900635 2.4000000953674316
-0.4785599708557129 -1.4246399402618408 2.4000003337860107
-0.46567079424858093 -1.3862696886062622 2.4630002975463867
-0.45297300815582275 -1.3484692573547363 2.494500160217285
-0.4435293972492218 -1.3203563690185547 2.494500160217285
-0.4404028058052063 -1.3110487461090088 2.463000535964966
-0.4466559886932373 -1.3296639919281006 2.4000003337860107
-0.4785599708557129 1.4246399402618408 2.4000000953674316
-0.46567079424858093 1.3862696886062622 2.4630000591278076
0.0 1.4595999717712402 2.4630000591278076
0.0 1.5 2.4000000953674316
-0.45297300815582275 1.3484692573547363 2.494499921798706
0.0 1.4197999238967896 2.494499921798706
-0.4435294270515442 1.3203563690185547 2.494499921798706
0.0 1.390199899673462 2.494499921798706
-0.4404028058052063 1.3110487461090088 2.4630000591278076
0.0 1.3804000616073608 2.4630000591278076
-0.4466559886932373 1.3296639919281006 2.4000000953674316
0.0 1.399999976158142 2.4000000953674316
-0.8908799886703491 1.213919997215271 2.4000000953674316
-0.8668856620788574 1.181225061416626 2.4630000591278076
-0.8432475924491882 1.1490156650543213 2.494499921798706
-0.8256675601005554 1.12506103515625 2.494499921798706
-0.8198471665382385 1.117130160331726 2.4630000591278076
-0.8314879536628723 1.1329920291900635 2.4000000953674316
-1.213919997215271 0.8908799886703491 2.4000000953674316
-1.181225061416626 0.8668856620788574 2.4630000591278076
-1.1490156650543213 0.8432475924491882 2.494499921798706
-1.12506103515625 0.8256675601005554 2.494499683380127
-1.117130160331726 0.8198471665382385 2.4630000591278076
-1.1329920291900635 0.8314879536628723 2.4000000953674316
-1.4246399402618408 0.4785599708557129 2.4000003337860107
-1.3862696886062622 0.46567079424858093 2.4630002975463867
-1.3484692573547363 0.45297300815582275 2.494500160217285
-1.3203563690185547 0.4435293972492218 2.494500160217285
-1.3110487461090088 0.4404028058052063 2.463000535964966
-1.3296639919281006 0.4466559886932373 2.4000003337860107
1.4246399402618408 0.4785599708557129 2.4000000953674316
1.3862696886062622 0.46567079424858093 2.4630000591278076
1.3484692573547363 0.45297300815582275 2.494499921798706
1.3203563690185547 0.4435294270515442 2.494499921798706
1.3110487461090088 0.4404028058052063 2.4630000591278076
1.3296639919281006 0.4466559886932373 2.4000000953674316
1.213919997215271 0.8908799886703491 2.4000000953674316
1.181225061416626 0.8668856620788574 2.4630000591278076
1.1490156650543213 0.8432475924491882 2.494499921798706
1.12506103515625 0.8256675601005554 2.494499921798706
1.117130160331726 0.8198471665382385 2.4630000591278076
1.1329920291900635 0.8314879536628723 2.4000000953674316
0.8908799886703491 1.213919997215271 2.4000000953674316
0.8668856620788574 1.181225061416626 2.4630000591278076
0.8432475924491882 1.1490156650543213 2.494499921798706
0.8256675601005554 1.12506103515625 2.494499683380127
0.8198471665382385 1.117130160331726 2.4630000591278076
0.8314879536628723 1.1329920291900635 2.4000000953674316
0.4785599708557129 1.4246399402618408 2.4000003337860107
0.46567079424858093 1.3862696886062622 2.4630002975463867
0.45297300815582275 1.3484692573547363 2.494500160217285
0.4435293972492218 1.3203563690185547 2.494500160217285
0.4404028058052063 1.3110487461090088 2.463000535964966
0.4466559886932373 1.3296639919281006 2.4000003337860107
0.6380800008773804 -1.8995200395584106 0.8999999761581421
0.629146933555603 -1.8729268312454224 1.1784000396728516
0.0 -1.9720001220703125 1.1784000396728516
0.0 -2.0 0.8999999761581421
0.6048998236656189 -1.8007450103759766 1.471199870109558
0.0 -1.8960000276565552 1.471199870109558
0.5691673159599304 -1.6943718194961548 1.7748000621795654
0.0 -1.784000039100647 1.7748000621795654
0.5257779359817505 -1.5652045011520386 2.0856001377105713
0.0 -1.6480001211166382 2.0856001377105713
1.1878399848937988 -1.6185600757598877 0.8999999761581421
1.1712102890014648 -1.595900297164917 1.1784000396728516
1.1260722875595093 -1.5343949794769287 1.471199870109558
1.0595532655715942 -1.4437556266784668 1.7748000621795654
0.9787800908088684 -1.3336936235427856 2.0856001377105713
1.6185599565505981 -1.1878399848937988 0.8999999761581421
1.5959001779556274 -1.1712102890014648 1.1784001588821411
1.5343947410583496 -1.1260722875595093 1.4711999893188477
1.4437556266784668 -1.0595532655715942 1.7748000621795654
1.3336936235427856 -0.9787800908088684 2.0856001377105713
1.8995200395584106 -0.6380799412727356 0.8999999761581421
1.8729268312454224 -0.6291468143463135 1.1784000396728516
1.8007450103759766 -0.6048997640609741 1.4712001085281372
1.6943718194961548 -0.5691673159599304 1.774800181388855
1.5652045011520386 -0.5257779359817505 2.0856001377105713
2.0 0.0 0.8999999761581421
1.9720001220703125 0.0 1.1784000396728516
1.8960000276565552 0.0 1.471199870109558
1.784000039100647 0.0 1.7748000621795654
1.6480001211166382 0.0 2.0856001377105713
-1.8995200395584106 -0.6380800008773804 0.8999999761581421
-1.8729268312454224 -0.629146933555603 1.1784000396728516
-1.9720001220703125 0.0 1.1784000396728516
-2.0 0.0 0.8999999761581421
-1.8007450103759766 -0.6048998236656189 1.471199870109558
-1.8960000276565552 0.0 1.471199870109558
-1.6943718194961548 -0.5691673159599304 1.7748000621795654
-1.784000039100647 0.0 1.7748000621795654
-1.5652045011520386 -0.5257779359817505 2.0856001377105713
-1.6480001211166382 0.0 2.0856001377105713
-1.6185600757598877 -1.1878399848937988 0.8999999761581421
-1.595900297164917 -1.1712102890014648 1.1784000396728516
-1.5343949794769287 -1.1260722875595093 1.471199870109558
-1.4437556266784668 -1.0595532655715942 1.7748000621795654
-1.3336936235427856 -0.9787800908088684 2.0856001377105713
-1.1878399848937988 -1.6185599565505981 0.8999999761581421
-1.1712102890014648 -1.5959001779556274 1.1784001588821411
-1.1260722875595093 -1.5343947410583496 1.4711999893188477
-1.0595532655715942 -1.4437556266784668 1.7748000621795654
-0.9787800908088684 -1.3336936235427856 2.0856001377105713
-0.6380799412727356 -1.8995200395584106 0.8999999761581421
-0.6291468143463135 -1.8729268312454224 1.1784000396728516
-0.6048997640609741 -1.8007450103759766 1.4712001085281372
-0.5691673159599304 -1.6943718194961548 1.774800181388855
-0.5257779359817505 -1.5652045011520386 2.0856001377105713
-0.6380800008773804 1.8995200395584106 0.8999999761581421
-0.629146933555603 1.8729268312454224 1.1784000396728516
0.0 1.9720001220703125 1.1784000396728516
0.0 2.0 0.8999999761581421
-0.6048998236656189 1.8007450103759766 1.471199870109558
0.0 1.8960000276565552 1.471199870109558
-0.5691673159599304 1.6943718194961548 1.7748000621795654
0.0 1.784000039100647 1.7748000621795654
-0.5257779359817505 1.5652045011520386 2.0856001377105713
0.0 1.6480001211166382 2.0856001377105713
-1.1878399848937988 1.6185600757598877 0.8999999761581421
-1.1712102890014648 1.595900297164917 1.1784000396728516
-1.1260722875595093 1.5343949794769287 1.471199870109558
-1.0595532655715942 1.4437556266784668 1.7748000621795654
-0.9787800908088684 1.3336936235427856 2.0856001377105713
-1.6185599565505981 1.1878399848937988 0.8999999761581421
-1.5959001779556274 1.1712102890014648 1.1784001588821411
-1.5343947410583496 1.1260722875595093 1.4711999893188477
-1.4437556266784668 1.0595532655715942 1.7748000621795654
-1.3336936235427856 0.9787800908088684 2.0856001377105713
-1.8995200395584106 0.6380799412727356 0.8999999761581421
-1.8729268312454224 0.6291468143463135 1.1784000396728516
-1.8007450103759766 0.6048997640609741 1.4712001085281372
-1.6943718194961548 0.5691673159599304 1.774800181388855
-1.5652045011520386 0.5257779359817505 2.0856001377105713
1.8995200395584106 0.6380800008773804 0.8999999761581421
1.8729268312454224 0.629146933555603 1.1784000396728516
1.8007450103759766 0.6048998236656189 1.471199870109558
1.6943718194961548 0.5691673159599304 1.7748000621795654
1.5652045011520386 0.5257779359817505 2.0856001377105713
1.6185600757598877 1.1878399848937988 0.8999999761581421
1.595900297164917 1.1712102890014648 1.1784000396728516
1.5343949794769287 1.1260722875595093 1.471199870109558
1.4437556266784668 1.0595532655715942 1.7748000621795654
1.3336936235427856 0.9787800908088684 2.0856001377105713
1.1878399848937988 1.6185599565505981 0.8999999761581421
1.1712102890014648 1.5959001779556274 1.1784001588821411
1.1260722875595093 1.5343947410583496 1.4711999893188477
1.0595532655715942 1.4437556266784668 1.7748000621795654
0.9787800908088684 1.3336936235427856 2.0856001377105713
0.6380799412727356 1.8995200395584106 0.8999999761581421
0.6291468143463135 1.8729268312454224 1.1784000396728516
0.6048997640609741 1.8007450103759766 1.4712001085281372
0.5691673159599304 1.6943718194961548 1.774800181388855
0.5257779359817505 1.5652045011520386 2.0856001377105713
0.495150089263916 -1.4740275144577026 0.21359999477863312
0.0 -1.5520000457763672 0.21359999477863312
0.0 -1.5 0.15000000596046448
0.5347110033035278 -1.5917977094650269 0.31679999828338623
0.0 -1.6759999990463257 0.31679999828338623
0.5819289684295654 -1.7323623895645142 0.46320000290870667
0.0 -1.8239998817443848 0.46320000290870667
0.621489942073822 -1.850132703781128 0.6564000248908997
0.0 -1.9480000734329224 0.6564000248908997
0.8908799886703491 -1.213919997215271 0.15000000596046448
0.9217638373374939 -1.25600266456604 0.21359999477863312
0.9954099059104919 -1.3563532829284668 0.31679999828338623
1.0833101272583008 -1.4761266708374023 0.46320000290870667
1.1569560766220093 -1.5764776468276978 0.6564000248908997
1.213919997215271 -0.8908799886703491 0.15000000596046448
1.25600266456604 -0.9217638373374939 0.21359999477863312
1.3563532829284668 -0.9954099059104919 0.31679999828338623
1.4761266708374023 -1.0833101272583008 0.46320000290870667
1.5764774084091187 -1.1569560766220093 0.6564000248908997
1.4246399402618408 -0.4785599708557129 0.15000002086162567
1.4740275144577026 -0.49515005946159363 0.2136000096797943
1.5917977094650269 -0.5347110033035278 0.31679999828338623
1.7323623895645142 -0.5819289088249207 0.46320000290870667
1.850132703781128 -0.6214898824691772 0.6564000248908997
1.5 0.0 0.15000000596046448
1.5520000457763672 0.0 0.21359999477863312
1.6759999990463257 0.0 0.31679999828338623
1.8239998817443848 0.0 0.46320000290870667
1.9480000734329224 0.0 0.6564000248908997
-1.4246399402618408 -0.4785599708557129 0.15000000596046448
-1.4740275144577026 -0.495150089263916 0.21359999477863312
-1.5520000457763672 0.0 0.21359999477863312
-1.5 0.0 0.15000000596046448
-1.5917977094650269 -0.5347110033035278 0.31679999828338623
-1.6759999990463257 0.0 0.31679999828338623
-1.7323623895645142 -0.5819289684295654 0.46320000290870667
-1.8239998817443848 0.0 0.46320000290870667
-1.850132703781128 -0.621489942073822 0.6564000248908997
-1.9480000734329224 0.0 0.6564000248908997
-1.213919997215271 -0.8908799886703491 0.15000000596046448
-1.25600266456604 -0.9217638373374939 0.21359999477863312
-1.3563532829284668 -0.9954099059104919 0.31679999828338623
-1.4761266708374023 -1.0833101272583008 0.46320000290870667
-1.5764776468276978 -1.1569560766220093 0.6564000248908997
-0.8908799886703491 -1.213919997215271 0.15000000596046448
-0.9217638373374939 -1.25600266456604 0.21359999477863312
-0.9954099059104919 -1.3563532829284668 0.31679999828338623
-1.0833101272583008 -1.4761266708374023 0.46320000290870667
-1.1569560766220093 -1.5764774084091187 0.6564000248908997
-0.4785599708557129 -1.4246399402618408 0.15000002086162567
-0.49515005946159363 -1.4740275144577026 0.2136000096797943
-0.5347110033035278 -1.5917977094650269 0.31679999828338623
-0.5819289088249207 -1.7323623895645142 0.46320000290870667
-0.6214898824691772 -1.850132703781128 0.6564000248908997
-0.4785599708557129 1.4246399402618408 0.15000000596046448
-0.495150089263916 1.4740275144577026 0.21359999477863312
0.0 1.5520000457763672 0.21359999477863312
0.0 1.5 0.15000000596046448
-0.5347110033035278 1.5917977094650269 0.31679999828338623
0.0 1.6759999990463257 0.31679999828338623
-0.5819289684295654 1.7323623895645142 0.46320000290870667
0.0 1.8239998817443848 0.46320000290870667
-0.621489942073822 1.850132703781128 0.6564000248908997
0.0 1.9480000734329224 0.6564000248908997
-0.8908799886703491 1.213919997215271 0.15000000596046448
-0.9217638373374939 1.25600266456604 0.21359999477863312
-0.9954099059104919 1.3563532829284668 0.31679999828338623
-1.0833101272583008 1.4761266708374023 0.46320000290870667
-1.1569560766220093 1.5764776468276978 0.6564000248908997
-1.213919997215271 0.8908799886703491 0.15000000596046448
-1.25600266456604 0.9217638373374939 0.21359999477863312
-1.3563532829284668 0.9954099059104919 0.31679999828338623
-1.4761266708374023 1.0833101272583008 0.46320000290870667
-1.5764774084091187 1.1569560766220093 0.6564000248908997
-1.4740275144577026 0.49515005946159363 0.2136000096797943
-1.5917977094650269 0.5347110033035278 0.31679999828338623
-1.7323623895645142 0.5819289088249207 0.46320000290870667
-1.850132703781128 0.6214898824691772 0.6564000248908997
1.4246399402618408 0.4785599708557129 0.15000000596046448
1.4740275144577026 0.495150089263916 0.21359999477863312
1.5917977094650269 0.5347110033035278 0.31679999828338623
1.7323623895645142 0.5819289684295654 0.46320000290870667
1.850132703781128 0.621489942073822 0.6564000248908997
1.213919997215271 0.8908799886703491 0.15000000596046448
1.25600266456604 0.9217638373374939 0.21359999477863312
1.3563532829284668 0.9954099059104919 0.31679999828338623
1.4761266708374023 1.0833101272583008 0.46320000290870667
1.5764776468276978 1.1569560766220093 0.6564000248908997
0.8908799886703491 1.213919997215271 0.15000000596046448
0.9217638373374939 1.25600266456604 0.21359999477863312
0.9954099059104919 1.3563532829284668 0.31679999828338623
1.0833101272583008 1.4761266708374023 0.46320000290870667
1.1569560766220093 1.5764774084091187 0.6564000248908997
0.4785599708557129 1.4246399402618408 0.15000002086162567
0.49515005946159363 1.4740275144577026 0.2136000096797943
0.5347110033035278 1.5917977094650269 0.31679999828338623
0.5819289088249207 1.7323623895645142 0.46320000290870667
0.6214898824691772 1.850132703781128 0.6564000248908997
-2.9688000679016113 -0.14400000870227814 1.7999999523162842
-2.9101314544677734 -0.14400002360343933 2.008180856704712
-2.940000057220459 0.0 2.0196001529693604
-3.0 0.0 1.7999999523162842
-2.7344577312469482 -0.14400000870227814 2.1344544887542725
-2.759999990463257 0.0 2.1527998447418213
-2.4422783851623535 -0.14400000870227814 2.1992979049682617
-2.4600000381469727 0.0 2.2211999893188477
-2.034092903137207 -0.14400000870227814 2.2231874465942383
-2.0399999618530273 0.0 2.2464001178741455
-1.5104000568389893 -0.14400000870227814 2.226600170135498
-1.5 0.0 2.25
-2.894399881362915 -0.2160000056028366 1.7999999523162842
-2.8389055728912354 -0.2160000205039978 1.9809503555297852
-2.673548698425293 -0.2160000056028366 2.0907070636749268
-2.4000191688537598 -0.2160000056028366 2.147068977355957
-2.0200064182281494 -0.2160000205039978 2.1678335666656494
-1.5351999998092651 -0.2160000056028366 2.170799970626831
-2.805600166320801 -0.2160000056028366 1.7999999523162842
-2.753894805908203 -0.2160000205039978 1.9484496116638184
-2.600851535797119 -0.2160000056028366 2.0384929180145264
-2.349581003189087 -0.2160000056028366 2.084731340408325
-2.0031936168670654 -0.2160000205039978 2.101766586303711
-1.5648000240325928 -0.2160000056028366 2.1042001247406006
-2.7311999797821045 -0.14400000870227814 1.7999999523162842
-2.682668685913086 -0.14400002360343933 1.9212193489074707
-2.539942502975464 -0.14400000870227814 1.9947458505630493
-2.307321786880493 -0.14400000870227814 2.0325026512145996
-1.9891072511672974 -0.14400000870227814 2.046412944793701
-1.5895999670028687 -0.14400000870227814 2.0484001636505127
-2.700000047683716 0.0 1.7999999523162842
-2.6528000831604004 0.0 1.9098000526428223
-2.514400005340576 0.0 1.9764001369476318
-2.289600133895874 0.0 2.0106000900268555
-1.983199954032898 0.0 2.023200273513794
-1.600000023841858 0.0 2.0250000953674316
-2.7311999797821045 0.14400000870227814 1.7999999523162842
-2.682668685913086 0.14400002360343933 1.9212193489074707
-2.539942502975464 0.14400000870227814 1.9947458505630493
-2.307321786880493 0.14400000870227814 2.0325026512145996
-1.989107370376587 0.14400000870227814 2.046412944793701
-1.5896000862121582 0.14400000870227814 2.0484001636505127
-2.805600166320801 0.2160000056028366 1.7999999523162842
-2.753894805908203 0.2160000205039978 1.9484496116638184
-2.60085129737854 0.2160000056028366 2.0384929180145264
-2.349581003189087 0.2160000056028366 2.084731340408325
-2.0031936168670654 0.2160000205039978 2.101766586303711
-1.5648000240325928 0.2160000056028366 2.1042001247406006
-2.894400119781494 0.2160000056028366 1.7999999523162842
-2.8389058113098145 0.2160000205039978 1.9809503555297852
-2.673548936843872 0.2160000056028366 2.0907070636749268
-2.400019407272339 0.2160000056028366 2.147068977355957
-2.0200064182281494 0.2160000205039978 2.1678335666656494
-1.5352001190185547 0.2160000056028366 2.170799970626831
-2.9688000679016113 0.14400000870227814 1.7999999523162842
-2.9101314544677734 0.14400002360343933 2.008180856704712
-2.7344577312469482 0.14400000870227814 2.1344544887542725
-2.4422783851623535 0.14400000870227814 2.1992979049682617
-2.034092664718628 0.14400000870227814 2.2231874465942383
-1.5103999376296997 0.14400000870227814 2.226600170135498
-1.9104000329971313 -0.14400000870227814 0.6312000155448914
-2.298489570617676 -0.14400002360343933 0.8369088172912598
-2.3024001121520996 0.0 0.8112000226974487
-1.899999976158142 0.0 0.6000000238418579
-2.5957250595092773 -0.14400000870227814 1.0605024099349976
-2.6111998558044434 0.0 1.0386000871658325
-2.804755210876465 -0.14400000870227814 1.2981215715408325
-2.8287999629974365 0.0 1.280400037765503
-2.9282305240631104 -0.14400000870227814 1.5459071397781372
-2.9575998783111572 0.0 1.5348000526428223
-1.9352000951766968 -0.2160000056028366 0.7055999636650085
-2.2891650199890137 -0.2160000205039978 0.8982143998146057
-2.5588223934173584 -0.2160000056028366 1.1127310991287231
-2.747417449951172 -0.2160000056028366 1.3403807878494263
-2.8581953048706055 -0.2160000205039978 1.5723936557769775
-1.9648000001907349 -0.2160000056028366 0.7943999767303467
-2.2780354022979736 -0.2160000205039978 0.9713855981826782
-2.514777660369873 -0.2160000056028366 1.1750688552856445
-2.6789824962615967 -0.2160000056028366 1.3908191919326782
-2.7746050357818604 -0.2160000205039978 1.6040064096450806
-1.9896000623703003 -0.14400000870227814 0.8688000440597534
-2.2687106132507324 -0.14400002360343933 1.032691240310669
-2.477875232696533 -0.14400000870227814 1.2272976636886597
-2.621644973754883 -0.14400000870227814 1.4330785274505615
-2.7045695781707764 -0.14400000870227814 1.630492925643921
-2.2648000717163086 0.0 1.05840003490448
-2.462399959564209 0.0 1.2491999864578247
-2.597600221633911 0.0 1.4508000612258911
-2.6751999855041504 0.0 1.6416001319885254
-1.9896000623703003 0.14400000870227814 0.8688000440597534
-2.2687106132507324 0.14400002360343933 1.032691240310669
-2.477875232696533 0.14400000870227814 1.2272976636886597
-2.621644973754883 0.14400000870227814 1.4330785274505615
-2.7045695781707764 0.14400000870227814 1.630492925643921
-1.9648000001907349 0.2160000056028366 0.7944000363349915
-2.2780351638793945 0.2160000205039978 0.9713855981826782
-2.514777421951294 0.2160000056028366 1.1750688552856445
-2.6789824962615967 0.2160000056028366 1.3908191919326782
-2.7746050357818604 0.2160000205039978 1.604006290435791
-1.9351999759674072 0.2160000056028366 0.7056000232696533
-2.2891650199890137 0.2160000205039978 0.8982144594192505
-2.5588221549987793 0.2160000056028366 1.1127312183380127
-2.747417449951172 0.2160000056028366 1.3403809070587158
-2.8581953048706055 0.2160000205039978 1.572393774986267
-1.9104000329971313 0.14400000870227814 0.6312000155448914
-2.298489570617676 0.14400002360343933 0.8369088172912598
-2.5957250595092773 0.14400000870227814 1.0605024099349976
-2.804755210876465 0.14400000870227814 1.2981215715408325
-2.9282305240631104 0.14400000870227814 1.5459071397781372
3.237600088119507 -0.12000000476837158 2.4000000953674316
2.8814656734466553 -0.14046721160411835 2.100072145462036
2.9223999977111816 0.0 2.090400218963623
3.299999952316284 0.0 2.4000000953674316
2.718252658843994 -0.18927361071109772 1.6960320472717285
2.751199960708618 0.0 1.6692001819610596
2.5793473720550537 -0.2475264072418213 1.270535945892334
2.608800172805786 0.0 1.2228000164031982
2.2961344718933105 -0.29633283615112305 0.9062400460243225
2.3176002502441406 0.0 0.83760005235672
1.7000000476837158 -0.3168000280857086 0.6858000159263611
1.7000000476837158 0.0 0.6000000238418579
3.0887999534606934 -0.18000000715255737 2.4000000953674316
2.7838528156280518 -0.21070080995559692 2.123136043548584
2.639686346054077 -0.2839103937149048 1.7600162029266357
2.5091135501861572 -0.37128961086273193 1.3843679428100586
2.2449471950531006 -0.4444992244243622 1.0699200630187988
1.7000000476837158 -0.47519999742507935 0.8903999924659729
2.9112000465393066 -0.18000000715255737 2.4000000953674316
2.6673474311828613 -0.21070080995559692 2.1506640911102295
2.5459136962890625 -0.2839103937149048 1.8363840579986572
2.425286293029785 -0.37128961086273193 1.520232081413269
2.1838529109954834 -0.4444992244243622 1.26528000831604
1.7000001668930054 -0.47519999742507935 1.134600043296814
2.7624001502990723 -0.12000000476837158 2.4000003337860107
2.569734573364258 -0.14046721160411835 2.1737282276153564
2.4673473834991455 -0.18927361071109772 1.900368094444275
2.355052947998047 -0.2475264072418213 1.634063959121704
2.1326658725738525 -0.29633283615112305 1.4289599657058716
1.7000000476837158 -0.3168000280857086 1.3391999006271362
2.700000047683716 0.0 2.4000000953674316
2.5288000106811523 0.0 2.1833999156951904
2.4343998432159424 0.0 1.9271998405456543
2.3255999088287354 0.0 1.6817998886108398
2.1112000942230225 0.0 1.4975998401641846
1.7000000476837158 0.0 1.4249999523162842
2.7624001502990723 0.12000000476837158 2.4000000953674316
2.569734573364258 0.14046721160411835 2.1737279891967773
2.4673471450805664 0.18927361071109772 1.9003679752349854
2.3550527095794678 0.2475264072418213 1.634063959121704
2.1326656341552734 0.29633283615112305 1.4289599657058716
1.7000000476837158 0.3168000280857086 1.3392000198364258
2.9112000465393066 0.18000000715255737 2.4000000953674316
2.6673474311828613 0.21070080995559692 2.1506640911102295
2.5459136962890625 0.2839103937149048 1.8363840579986572
2.425286293029785 0.37128961086273193 1.5202319622039795
2.1838529109954834 0.4444992244243622 1.2652798891067505
1.7000000476837158 0.47519999742507935 1.1345999240875244
3.0888001918792725 0.18000000715255737 2.4000000953674316
2.783853054046631 0.21070080995559692 2.123136043548584
2.639686346054077 0.2839103937149048 1.7600159645080566
2.5091137886047363 0.37128961086273193 1.3843679428100586
2.2449471950531006 0.4444992244243622 1.0699199438095093
1.7000001668930054 0.47519999742507935 0.8903999924659729
3.237600088119507 0.12000000476837158 2.4000003337860107
2.8814659118652344 0.14046721160411835 2.1000723838806152
2.7182531356811523 0.18927361071109772 1.696032166481018
2.5793473720550537 0.2475264072418213 1.270535945892334
2.2961344718933105 0.29633283615112305 0.9062400460243225
1.7000000476837158 0.3168000280857086 0.6858000159263611
3.158400058746338 -0.07200000435113907 2.4000000953674316
3.276998519897461 -0.07699200510978699 2.4505152702331543
3.328000068664551 0.0 2.452199935913086
3.200000047683716 0.0 2.4000000953674316
3.348595380783081 -0.0888960063457489 2.473353862762451
3.4080002307891846 0.0 2.475600004196167
3.3688130378723145 -0.10310400277376175 2.4709346294403076
3.434000015258789 0.0 2.472899913787842
3.3332738876342773 -0.11500800400972366 2.4456770420074463
3.4000000953674316 0.0 2.4468002319335938
3.0592000484466553 -0.1080000028014183 2.4000000953674316
3.155379295349121 -0.11548800766468048 2.446497678756714
3.206937789916992 -0.13334400951862335 2.467996835708618
3.2133665084838867 -0.15465599298477173 2.466247320175171
3.174156904220581 -0.1725120097398758 2.4429986476898193
2.940800189971924 -0.1080000028014183 2.4000000953674316
3.010221004486084 -0.11548800766468048 2.441702365875244
3.0378623008728027 -0.13334400951862335 2.4616031646728516
3.0278337001800537 -0.15465599298477173 2.4606528282165527
2.984243392944336 -0.1725120097398758 2.4398019313812256
2.841599941253662 -0.07200000435113907 2.4000003337860107
2.888601779937744 -0.07699200510978699 2.437685012817383
2.896204948425293 -0.0888960063457489 2.4562463760375977
2.872387170791626 -0.10310400277376175 2.455965518951416
2.8251264095306396 -0.11500800400972366 2.4371232986450195
2.799999952316284 0.0 2.4000000953674316
2.8376002311706543 0.0 2.436000108718872
2.8368000984191895 0.0 2.4539999961853027
2.8071999549865723 0.0 2.4539999961853027
2.7583999633789062 0.0 2.436000347137451
2.841599941253662 0.07200000435113907 2.4000000953674316
2.888601779937744 0.07699200510978699 2.4376847743988037
2.896204948425293 0.0888960063457489 2.4562463760375977
2.872387170791626 0.10310400277376175 2.455965518951416
2.8251266479492188 0.11500800400972366 2.4371232986450195
2.9407999515533447 0.1080000028014183 2.4000000953674316
3.010220766067505 0.11548800766468048 2.4417026042938232
3.0378623008728027 0.13334400951862335 2.4616034030914307
3.0278337001800537 0.15465599298477173 2.4606528282165527
2.984243392944336 0.1725120097398758 2.4398019313812256
3.0592000484466553 0.1080000028014183 2.4000000953674316
3.155379295349121 0.11548800766468048 2.446497917175293
3.206937789916992 0.13334400951862335 2.4679970741271973
3.2133665084838867 0.15465599298477173 2.466247320175171
3.17415714263916 0.1725120097398758 2.4429986476898193
3.158400058746338 0.07200000435113907 2.4000003337860107
3.276998519897461 0.07699200510978699 2.4505155086517334
3.348595380783081 0.0888960063457489 2.473353862762451
3.3688130378723145 0.10310400277376175 2.4709346294403076
3.3332736492156982 0.11500800400972366 2.4456772804260254
0.06380800902843475 -0.18995201587677002 2.700000047683716
0.05724570155143738 -0.1702154278755188 2.8043999671936035
0.0 -0.17920000851154327 2.8043999671936035
0.0 -0.20000000298023224 2.700000047683716
0.08751052618026733 -0.25990962982177734 2.9231998920440674
0.0 -0.2735999822616577 2.9231998920440674
0.11467570811510086 -0.340476930141449 3.0348000526428223
0.0 -0.35840001702308655 3.0348000526428223
0.098814457654953 -0.2933596074581146 3.117600202560425
0.0 -0.30880001187324524 3.117600202560425
0.0 0.0 3.1500000953674316
0.11878400295972824 -0.16185599565505981 2.700000047683716
0.10651341080665588 -0.14507827162742615 2.8043999671936035
0.16274534165859222 -0.22158488631248474 2.9231998920440674
0.21323418617248535 -0.2902947962284088 3.0348000526428223
0.18373428285121918 -0.25012683868408203 3.117600202560425
0.16185599565505981 -0.11878400295972824 2.700000286102295
0.14507827162742615 -0.10651341080665588 2.8043999671936035
0.22158488631248474 -0.16274532675743103 2.9232001304626465
0.2902947962284088 -0.21323417127132416 3.0348000526428223
0.25012683868408203 -0.18373426795005798 3.117600202560425
0.18995201587677002 -0.06380800157785416 2.700000047683716
0.17021544277668 -0.05724569410085678 2.8043999671936035
0.25990962982177734 -0.08751052618026733 2.9231998920440674
0.34047695994377136 -0.11467570811510086 3.0348000526428223
0.293359637260437 -0.098814457654953 3.117600202560425
0.20000000298023224 0.0 2.700000047683716
0.17920000851154327 0.0 2.8043999671936035
0.2735999822616577 0.0 2.9231998920440674
0.35840001702308655 0.0 3.0348000526428223
0.30880001187324524 0.0 3.117600202560425
-0.18995201587677002 -0.06380800902843475 2.700000047683716
-0.1702154278755188 -0.05724570155143738 2.8043999671936035
-0.17920000851154327 0.0 2.8043999671936035
-0.20000000298023224 0.0 2.700000047683716
-0.25990962982177734 -0.08751052618026733 2.9231998920440674
-0.2735999822616577 0.0 2.9231998920440674
-0.340476930141449 -0.11467570811510086 3.0348000526428223
-0.35840001702308655 0.0 3.0348000526428223
-0.2933596074581146 -0.098814457654953 3.117600202560425
-0.30880001187324524 0.0 3.117600202560425
-0.16185599565505981 -0.11878400295972824 2.700000047683716
-0.14507827162742615 -0.10651341080665588 2.8043999671936035
-0.22158488631248474 -0.16274534165859222 2.9231998920440674
-0.2902947962284088 -0.21323418617248535 3.0348000526428223
-0.25012683868408203 -0.18373428285121918 3.117600202560425
-0.11878400295972824 -0.16185599565505981 2.700000286102295
-0.10651341080665588 -0.14507827162742615 2.8043999671936035
-0.16274532675743103 -0.22158488631248474 2.9232001304626465
-0.21323417127132416 -0.2902947962284088 3.0348000526428223
-0.18373426795005798 -0.25012683868408203 3.117600202560425
-0.06380800157785416 -0.18995201587677002 2.700000047683716
-0.05724569410085678 -0.17021544277668 2.8043999671936035
-0.08751052618026733 -0.25990962982177734 2.9231998920440674
-0.11467570811510086 -0.34047695994377136 3.0348000526428223
-0.098814457654953 -0.293359637260437 3.117600202560425
-0.06380800902843475 0.18995201587677002 2.700000047683716
-0.05724570155143738 0.1702154278755188 2.8043999671936035
0.0 0.17920000851154327 2.8043999671936035
0.0 0.20000000298023224 2.700000047683716
-0.08751052618026733 0.25990962982177734 2.9231998920440674
0.0 0.2735999822616577 2.9231998920440674
-0.11467570811510086 0.340476930141449 3.0348000526428223
0.0 0.35840001702308655 3.0348000526428223
-0.098814457654953 0.2933596074581146 3.117600202560425
0.0 0.30880001187324524 3.117600202560425
-0.11878400295972824 0.16185599565505981 2.700000047683716
-0.10651341080665588 0.14507827162742615 2.8043999671936035
-0.16274534165859222 0.22158488631248474 2.9231998920440674
-0.21323418617248535 0.2902947962284088 3.0348000526428223
-0.18373428285121918 0.25012683868408203 3.117600202560425
-0.16185599565505981 0.11878400295972824 2.700000286102295
-0.14507827162742615 0.10651341080665588 2.8043999671936035
-0.22158488631248474 0.16274532675743103 2.9232001304626465
-0.2902947962284088 0.21323417127132416 3.0348000526428223
-0.25012683868408203 0.18373426795005798 3.117600202560425
-0.18995201587677002 0.06380800157785416 2.700000047683716
-0.17021544277668 0.05724569410085678 2.8043999671936035
-0.25990962982177734 0.08751052618026733 2.9231998920440674
-0.34047695994377136 0.11467570811510086 3.0348000526428223
-0.293359637260437 0.098814457654953 3.117600202560425
0.18995201587677002 0.06380800902843475 2.700000047683716
0.1702154278755188 0.05724570155143738 2.8043999671936035
0.25990962982177734 0.08751052618026733 2.9231998920440674
0.340476930141449 0.11467570811510086 3.0348000526428223
0.2933596074581146 0.098814457654953 3.117600202560425
0.16185599565505981 0.11878400295972824 2.700000047683716
0.14507827162742615 0.10651341080665588 2.8043999671936035
0.22158488631248474 0.16274534165859222 2.9231998920440674
0.2902947962284088 0.21323418617248535 3.0348000526428223
0.25012683868408203 0.18373428285121918 3.117600202560425
0.11878400295972824 0.16185599565505981 2.700000286102295
0.10651341080665588 0.14507827162742615 2.8043999671936035
0.16274532675743103 0.22158488631248474 2.9232001304626465
0.21323417127132416 0.2902947962284088 3.0348000526428223
0.18373426795005798 0.25012683868408203 3.117600202560425
0.06380800157785416 0.18995201587677002 2.700000047683716
0.05724569410085678 0.17021544277668 2.8043999671936035
0.08751052618026733 0.25990962982177734 2.9231998920440674
0.11467570811510086 0.34047695994377136 3.0348000526428223
0.098814457654953 0.293359637260437 3.117600202560425
0.41475197672843933 -1.2346880435943604 2.4000000953674316
0.38437938690185547 -1.144270896911621 2.474400043487549
0.0 -1.204800009727478 2.474400043487549
0.0 -1.2999999523162842 2.4000000953674316
0.3095964193344116 -0.9216471910476685 2.527200222015381
0.0 -0.9703999757766724 2.5271999835968018
0.21490533649921417 -0.6397583484649658 2.5728001594543457
0.0 -0.6735999584197998 2.5728001594543457
0.12480845302343369 -0.3715461492538452 2.6256003379821777
0.0 -0.3912000060081482 2.6256000995635986
0.7720959782600403 -1.0520639419555664 2.4000000953674316
0.7155548334121704 -0.9750205278396606 2.474400043487549
0.5763399600982666 -0.785325288772583 2.527200222015381
0.40006452798843384 -0.5451309680938721 2.5728001594543457
0.23234149813652039 -0.3165903091430664 2.6256003379821777
1.0520639419555664 -0.7720959186553955 2.4000000953674316
0.9750205278396606 -0.7155547738075256 2.474400043487549
0.785325288772583 -0.5763399600982666 2.5271999835968018
0.5451309680938721 -0.40006446838378906 2.5728001594543457
0.3165903091430664 -0.23234149813652039 2.6256003379821777
1.2346879243850708 -0.41475197672843933 2.4000003337860107
1.144270896911621 -0.38437938690185547 2.474400281906128
0.9216470718383789 -0.3095964193344116 2.527200222015381
0.639758288860321 -0.21490533649921417 2.5728001594543457
0.3715461194515228 -0.12480845302343369 2.6256003379821777
1.2999999523162842 0.0 2.4000000953674316
1.204800009727478 0.0 2.474400043487549
0.9703999757766724 0.0 2.5271999835968018
0.6735999584197998 0.0 2.5728001594543457
0.3912000060081482 0.0 2.6256000995635986
-1.2346880435943604 -0.41475197672843933 2.4000000953674316
-1.144270896911621 -0.38437938690185547 2.474400043487549
-1.204800009727478 0.0 2.474400043487549
-1.2999999523162842 0.0 2.4000000953674316
-0.9216471910476685 -0.3095964193344116 2.527200222015381
-0.9703999757766724 0.0 2.5271999835968018
-0.6397583484649658 -0.21490533649921417 2.5728001594543457
-0.6735999584197998 0.0 2.5728001594543457
-0.3715461492538452 -0.12480845302343369 2.6256003379821777
-0.3912000060081482 0.0 2.6256000995635986
-1.0520639419555664 -0.7720959782600403 2.4000000953674316
-0.9750205278396606 -0.7155548334121704 2.474400043487549
-0.785325288772583 -0.5763399600982666 2.527200222015381
-0.5451309680938721 -0.40006452798843384 2.5728001594543457
-0.3165903091430664 -0.23234149813652039 2.6256003379821777
-0.7720959186553955 -1.0520639419555664 2.4000000953674316
-0.7155547738075256 -0.9750205278396606 2.474400043487549
-0.5763399600982666 -0.785325288772583 2.5271999835968018
-0.40006446838378906 -0.5451309680938721 2.5728001594543457
-0.23234149813652039 -0.3165903091430664 2.6256003379821777
-0.41475197672843933 -1.2346879243850708 2.4000003337860107
-0.38437938690185547 -1.144270896911621 2.474400281906128
-0.3095964193344116 -0.9216470718383789 2.527200222015381
-0.21490533649921417 -0.639758288860321 2.5728001594543457
-0.12480845302343369 -0.3715461194515228 2.6256003379821777
-0.41475197672843933 1.2346880435943604 2.4000000953674316
-0.38437938690185547 1.144270896911621 2.474400043487549
0.0 1.204800009727478 2.474400043487549
0.0 1.2999999523162842 2.4000000953674316
-0.3095964193344116 0.9216471910476685 2.527200222015381
0.0 0.9703999757766724 2.5271999835968018
-0.21490533649921417 0.6397583484649658 2.5728001594543457
0.0 0.6735999584197998 2.5728001594543457
-0.12480845302343369 0.3715461492538452 2.6256003379821777
0.0 0.3912000060081482 2.6256000995635986
-0.7720959782600403 1.0520639419555664 2.4000000953674316
-0.7155548334121704 0.9750205278396606 2.474400043487549
-0.5763399600982666 0.785325288772583 2.527200222015381
-0.40006452798843384 0.5451309680938721 2.5728001594543457
-0.23234149813652039 0.3165903091430664 2.6256003379821777
-1.0520639419555664 0.7720959186553955 2.4000000953674316
-0.9750205278396606 0.7155547738075256 2.474400043487549
-0.785325288772583 0.5763399600982666 2.5271999835968018
-0.5451309680938721 0.40006446838378906 2.5728001594543457
-0.3165903091430664 0.23234149813652039 2.6256003379821777
-1.2346879243850708 0.41475197672843933 2.4000003337860107
-1.144270896911621 0.38437938690185547 2.474400281906128
-0.9216470718383789 0.3095964193344116 2.527200222015381
-0.639758288860321 0.21490533649921417 2.5728001594543457
-0.3715461194515228 0.12480845302343369 2.6256003379821777
1.2346880435943604 0.41475197672843933 2.4000000953674316
1.144270896911621 0.38437938690185547 2.474400043487549
0.9216471910476685 0.3095964193344116 2.527200222015381
0.6397583484649658 0.21490533649921417 2.5728001594543457
0.3715461492538452 0.12480845302343369 2.6256003379821777
1.0520639419555664 0.7720959782600403 2.4000000953674316
0.9750205278396606 0.7155548334121704 2.474400043487549
0.785325288772583 0.5763399600982666 2.527200222015381
0.5451309680938721 0.40006452798843384 2.5728001594543457
0.3165903091430664 0.23234149813652039 2.6256003379821777
0.7720959186553955 1.0520639419555664 2.4000000953674316
0.7155547738075256 0.9750205278396606 2.474400043487549
0.5763399600982666 0.785325288772583 2.5271999835968018
0.40006446838378906 0.5451309680938721 2.5728001594543457
0.23234149813652039 0.3165903091430664 2.6256003379821777
0.41475197672843933 1.2346879243850708 2.4000003337860107
0.38437938690185547 1.144270896911621 2.474400281906128
0.3095964193344116 0.9216470718383789 2.527200222015381
0.21490533649921417 0.639758288860321 2.5728001594543457
0.12480845302343369 0.3715461194515228 2.6256003379821777
0.472434401512146 1.4064044952392578 0.10560000687837601
0.0 1.480799913406372 0.10560000687837601
0.44104087352752686 1.3129481077194214 0.06480000168085098
0.0 1.3823999166488647 0.06480000168085098
0.3648541271686554 1.0861455202102661 0.031200001016259193
0.0 1.1435999870300293 0.031200001016259193
0.22434891760349274 0.6678712368011475 0.008400000631809235
0.0 0.7031999826431274 0.008400000631809235
0.0 0.0 0.0
0.8794767260551453 1.1983819007873535 0.10560000687837601
0.8210349678993225 1.118748664855957 0.06480000168085098
0.679206907749176 0.9254926443099976 0.031200001016259193
0.41764456033706665 0.5690857172012329 0.008400000631809235
1.1983819007873535 0.8794767260551453 0.10560000687837601
1.118748664855957 0.8210349678993225 0.06480000168085098
0.9254926443099976 0.679206907749176 0.031200001016259193
0.5690857172012329 0.41764456033706665 0.008400000631809235
1.4064044952392578 0.4724344313144684 0.1056000143289566
1.3129481077194214 0.44104087352752686 0.06480000913143158
1.0861455202102661 0.3648541569709778 0.031200002878904343
0.6678711771965027 0.22434893250465393 0.00840000156313181
1.480799913406372 0.0 0.10560000687837601
1.3823999166488647 0.0 0.06480000168085098
1.1435999870300293 0.0 0.031200001016259193
0.7031999826431274 0.0 0.008400000631809235
-1.4246399402618408 0.4785599708557129 0.15000000596046448
-1.4064044952392578 0.472434401512146 0.10560000687837601
-1.480799913406372 0.0 0.10560000687837601
-1.3129481077194214 0.44104087352752686 0.06480000168085098
-1.3823999166488647 0.0 0.06480000168085098
-1.0861455202102661 0.3648541271686554 0.031200001016259193
-1.1435999870300293 0.0 0.031200001016259193
-0.6678712368011475 0.22434891760349274 0.008400000631809235
-0.7031999826431274 0.0 0.008400000631809235
-1.1983819007873535 0.8794767260551453 0.10560000687837601
-1.118748664855957 0.8210349678993225 0.06480000168085098
-0.9254926443099976 0.679206907749176 0.031200001016259193
-0.5690857172012329 0.41764456033706665 0.008400000631809235
-0.8794767260551453 1.1983819007873535 0.10560000687837601
-0.8210349678993225 1.118748664855957 0.06480000168085098
-0.679206907749176 0.9254926443099976 0.031200001016259193
-0.41764456033706665 0.5690857172012329 0.008400000631809235
-0.4724344313144684 1.4064044952392578 0.1056000143289566
-0.44104087352752686 1.3129481077194214 0.06480000913143158
-0.3648541569709778 1.0861455202102661 0.031200002878904343
-0.22434893250465393 0.6678711771965027 0.00840000156313181
-0.472434401512146 -1.4064044952392578 0.10560000687837601
0.0 -1.480799913406372 0.10560000687837601
-0.44104087352752686 -1.3129481077194214 0.06480000168085098
0.0 -1.3823999166488647 0.06480000168085098
-0.3648541271686554 -1.0861455202102661 0.031200001016259193
0.0 -1.1435999870300293 0.031200001016259193
-0.22434891760349274 -0.6678712368011475 0.008400000631809235
0.0 -0.7031999826431274 0.008400000631809235
-0.8794767260551453 -1.1983819007873535 0.10560000687837601
-0.8210349678993225 -1.118748664855957 0.06480000168085098
-0.679206907749176 -0.9254926443099976 0.031200001016259193
-0.41764456033706665 -0.5690857172012329 0.008400000631809235
-1.1983819007873535 -0.8794767260551453 0.10560000687837601
-1.118748664855957 -0.8210349678993225 0.06480000168085098
-0.9254926443099976 -0.679206907749176 0.031200001016259193
-0.5690857172012329 -0.41764456033706665 0.008400000631809235
-1.4064044952392578 -0.4724344313144684 0.1056000143289566
-1.3129481077194214 -0.44104087352752686 0.06480000913143158
-1.0861455202102661 -0.3648541569709778 0.031200002878904343
-0.6678711771965027 -0.22434893250465393 0.00840000156313181
1.4064044952392578 -0.472434401512146 0.10560000687837601
1.3129481077194214 -0.44104087352752686 0.06480000168085098
1.0861455202102661 -0.3648541271686554 0.031200001016259193
0.6678712368011475 -0.22434891760349274 0.008400000631809235
1.1983819007873535 -0.8794767260551453 0.10560000687837601
1.118748664855957 -0.8210349678993225 0.06480000168085098
0.9254926443099976 -0.679206907749176 0.031200001016259193
0.5690857172012329 -0.41764456033706665 0.008400000631809235
0.8794767260551453 -1.1983819007873535 0.10560000687837601
0.8210349678993225 -1.118748664855957 0.06480000168085098
0.679206907749176 -0.9254926443099976 0.031200001016259193
0.41764456033706665 -0.5690857172012329 0.008400000631809235
0.4785599708557129 -1.4246399402618408 0.15000002086162567
0.4724344313144684 -1.4064044952392578 0.1056000143289566
0.44104087352752686 -1.3129481077194214 0.06480000913143158
0.3648541569709778 -1.0861455202102661 0.031200002878904343
0.22434893250465393 -0.6678711771965027 0.00840000156313181
