-5.0 -0.0 0.0
-4.7290862085031735 -1.6234973460234172 0.3306939635357677
-3.945702546981968 -3.071063563448339 0.6613879270715354
-2.7347407906121344 -4.185832391312642 0.992081890607303
-1.2274274357039963 -4.847001329696652 1.3227758541430708
0.41289672736166133 -4.982922465033349 1.6534698176788385
2.0084771232648464 -4.578866633275288 1.984163781214606
3.3864078581287043 -3.6786195533656585 2.3148577447503738
4.397368756032445 -2.3797369651853684 2.6455517082861415
4.931806517013611 -0.8229729514036701 2.9762456718219092
4.931806517013612 0.8229729514036689 3.306939635357677
4.397368756032446 2.3797369651853675 3.6376335988934447
3.386407858128707 3.6786195533656563 3.968327562429212
2.0084771232648495 4.578866633275286 4.29902152596498
0.4128967273616637 4.982922465033349 4.6297154895007475
-1.227427435703994 4.847001329696653 4.960409453036515
-2.734740790612133 4.185832391312644 5.291103416572283
-3.9457025469819667 3.07106356344834 5.621797380108051
-4.7290862085031735 1.6234973460234188 5.9524913436438185
-5.0 1.2246467991473533e-15 6.283185307179586
-4.473684210526316 -0.0 0.0
-4.231287660239682 -1.4526028885472682 0.3306939635357677
-3.53036543677334 -2.7477937146643034 0.6613879270715354
-2.4468733389687523 -3.7452184553849963 0.992081890607303
-1.0982245477351544 -4.336790663412794 1.3227758541430708
0.36943391395517067 -4.458404310819312 1.6534698176788385
1.797058478710652 -4.096880671877889 1.984163781214606
3.029943873062525 -3.291396442485063 2.3148577447503738
3.9344878343448193 -2.129238337271119 2.6455517082861415
4.4126689889069155 -0.7363442196769681 2.9762456718219092
4.412668988906916 0.736344219676967 3.306939635357677
3.9344878343448197 2.129238337271118 3.6376335988934447
3.0299438730625274 3.291396442485061 3.968327562429212
1.7970584787106547 4.096880671877888 4.29902152596498
0.3694339139551728 4.458404310819312 4.6297154895007475
-1.0982245477351524 4.336790663412795 4.960409453036515
-2.4468733389687505 3.745218455384997 5.291103416572283
-3.5303654367733386 2.7477937146643043 5.621797380108051
-4.231287660239682 1.4526028885472693 5.9524913436438185
-4.473684210526316 1.0957366097634214e-15 6.283185307179586
-3.947368421052632 -0.0 0.0
-3.7334891119761897 -1.281708431071119 0.3306939635357677
-3.115028326564712 -2.4245238658802677 0.6613879270715354
-2.1590058873253697 -3.30460451945735 0.992081890607303
-0.9690216597663128 -3.826579997128936 1.3227758541430708
0.32597110054868006 -3.933886156605276 1.6534698176788385
1.5856398341564577 -3.6148947104804905 1.984163781214606
2.6734798879963457 -2.9041733316044676 2.3148577447503738
3.4716069126571933 -1.8787397093568698 2.6455517082861415
3.89353146080022 -0.649715487950266 2.9762456718219092
3.8935314608002205 0.649715487950265 3.306939635357677
3.471606912657194 1.878739709356869 3.6376335988934447
2.673479887996348 2.904173331604466 3.968327562429212
1.5856398341564601 3.6148947104804896 4.29902152596498
0.3259711005486819 3.933886156605276 4.6297154895007475
-0.969021659766311 3.8265799971289365 4.960409453036515
-2.1590058873253684 3.304604519457351 5.291103416572283
-3.115028326564711 2.4245238658802686 5.621797380108051
-3.7334891119761897 1.28170843107112 5.9524913436438185
-3.947368421052632 9.668264203794895e-16 6.283185307179586
-3.4210526315789473 -0.0 0.0
-3.2356905637126974 -1.1108139735949698 0.3306939635357677
-2.6996912163560833 -2.101254017096232 0.6613879270715354
-1.871138435681987 -2.863990583529703 0.992081890607303
-0.8398187717974711 -3.3163693308450775 1.3227758541430708
0.28250828714218934 -3.409368002391239 1.6534698176788385
1.3742211896022631 -3.1329087490830916 1.984163781214606
2.3170159029301662 -2.5169502207238716 2.3148577447503738
3.0087259909695674 -1.6282410814426205 2.6455517082861415
3.3743939326935237 -0.5630867562235637 2.9762456718219092
3.374393932693524 0.563086756223563 3.306939635357677
3.008725990969568 1.6282410814426196 3.6376335988934447
2.317015902930168 2.51695022072387 3.968327562429212
1.3742211896022654 3.1329087490830907 4.29902152596498
0.28250828714219095 3.409368002391239 4.6297154895007475
-0.8398187717974696 3.316369330845078 4.960409453036515
-1.8711384356819856 2.8639905835297035 5.291103416572283
-2.6996912163560824 2.101254017096233 5.621797380108051
-3.2356905637126974 1.1108139735949707 5.9524913436438185
-3.4210526315789473 8.379162309955575e-16 6.283185307179586
-2.8947368421052633 -0.0 0.0
-2.7378920154492055 -0.9399195161188205 0.3306939635357677
-2.2843541061474553 -1.7779841683121964 0.6613879270715354
-1.5832709840386043 -2.4233766476020566 0.992081890607303
-0.7106158838286294 -2.8061586645612198 1.3227758541430708
0.23904547373569868 -2.8848498481772022 1.6534698176788385
1.162802545048069 -2.6509227876856927 1.984163781214606
1.9605519178639867 -2.129727109843276 2.3148577447503738
2.545845069281942 -1.3777424535283713 2.6455517082861415
2.855256404586828 -0.4764580244968617 2.9762456718219092
2.8552564045868283 0.476458024496861 3.306939635357677
2.5458450692819423 1.3777424535283707 3.6376335988934447
1.9605519178639885 2.129727109843275 3.968327562429212
1.1628025450480708 2.6509227876856922 4.29902152596498
0.23904547373570004 2.8848498481772022 4.6297154895007475
-0.7106158838286281 2.8061586645612198 4.960409453036515
-1.5832709840386034 2.423376647602057 5.291103416572283
-2.2843541061474544 1.777984168312197 5.621797380108051
-2.7378920154492055 0.9399195161188214 5.9524913436438185
-2.8947368421052633 7.090060416116256e-16 6.283185307179586
-2.368421052631579 -0.0 0.0
-2.240093467185714 -0.7690250586426715 0.3306939635357677
-1.8690169959388272 -1.4547143195281609 0.6613879270715354
-1.2954035323952218 -1.98276271167441 0.992081890607303
-0.5814129958597877 -2.2959479982773616 1.3227758541430708
0.195582660329208 -2.3603316939631656 1.6534698176788385
0.9513839004938747 -2.168936826288294 1.984163781214606
1.6040879327978075 -1.7425039989626805 2.3148577447503738
2.0829641475943164 -1.127243825614122 2.6455517082861415
2.336118876480132 -0.3898292927701596 2.9762456718219092
2.3361188764801324 0.389829292770159 3.306939635357677
2.0829641475943164 1.1272438256141215 3.6376335988934447
1.6040879327978088 1.7425039989626794 3.968327562429212
0.9513839004938761 2.1689368262882938 4.29902152596498
0.19558266032920915 2.3603316939631656 4.6297154895007475
-0.5814129958597867 2.295947998277362 4.960409453036515
-1.295403532395221 1.9827627116744104 5.291103416572283
-1.8690169959388265 1.4547143195281613 5.621797380108051
-2.240093467185714 0.7690250586426721 5.9524913436438185
-2.368421052631579 5.800958522276937e-16 6.283185307179586
-1.8421052631578947 -0.0 0.0
-1.7422949189222217 -0.5981306011665222 0.3306939635357677
-1.4536798857301987 -1.131444470744125 0.6613879270715354
-1.007536080751839 -1.5421487757467631 0.992081890607303
-0.45221010789094596 -1.7857373319935033 1.3227758541430708
0.15211984692271732 -1.8358135397491286 1.6534698176788385
0.7399652559396802 -1.6869508648908953 1.984163781214606
1.247623947731628 -1.3552808880820846 2.3148577447503738
1.6200832259066902 -0.8767451976998726 2.6455517082861415
1.8169813483734358 -0.30320056104345744 2.9762456718219092
1.816981348373436 0.30320056104345694 3.306939635357677
1.6200832259066904 0.8767451976998721 3.6376335988934447
1.2476239477316289 1.355280888082084 3.968327562429212
0.7399652559396813 1.6869508648908949 4.29902152596498
0.1521198469227182 1.8358135397491286 4.6297154895007475
-0.4522101078909451 1.7857373319935035 4.960409453036515
-1.0075360807518383 1.5421487757467636 5.291103416572283
-1.4536798857301982 1.1314444707441254 5.621797380108051
-1.7422949189222217 0.5981306011665226 5.9524913436438185
-1.8421052631578947 4.511856628437617e-16 6.283185307179586
-1.3157894736842106 -0.0 0.0
-1.24449637065873 -0.427236143690373 0.3306939635357677
-1.0383427755215706 -0.8081746219600893 0.6613879270715354
-0.7196686291084565 -1.1015348398191165 0.992081890607303
-0.3230072199221043 -1.2755266657096453 1.3227758541430708
0.10865703351622667 -1.311295385535092 1.6534698176788385
0.5285466113854859 -1.2049649034934968 1.984163781214606
0.8911599626654486 -0.9680577772014891 2.3148577447503738
1.1572023042190644 -0.6262465697856233 2.6455517082861415
1.29784382026674 -0.2165718293167553 2.9762456718219092
1.2978438202667402 0.216571829316755 3.306939635357677
1.1572023042190647 0.626246569785623 3.6376335988934447
0.8911599626654493 0.9680577772014886 3.968327562429212
0.5285466113854868 1.2049649034934966 4.29902152596498
0.1086570335162273 1.311295385535092 4.6297154895007475
-0.3230072199221037 1.2755266657096456 4.960409453036515
-0.7196686291084561 1.101534839819117 5.291103416572283
-1.0383427755215702 0.8081746219600896 5.621797380108051
-1.24449637065873 0.4272361436903734 5.9524913436438185
-1.3157894736842106 3.222754734598298e-16 6.283185307179586
-0.7894736842105265 -0.0 0.0
-0.7466978223952381 -0.2563416862142239 0.3306939635357677
-0.6230056653129424 -0.4849047731760537 0.6613879270715354
-0.431801177465074 -0.6609209038914701 0.992081890607303
-0.1938043319532626 -0.7653159994257873 1.3227758541430708
0.06519422010973602 -0.7867772313210554 1.6534698176788385
0.31712796683129163 -0.7229789420960983 1.984163781214606
0.5346959775992692 -0.5808346663208936 2.3148577447503738
0.6943213825314388 -0.37574794187137406 2.6455517082861415
0.7787062921600442 -0.1299430975900532 2.9762456718219092
0.7787062921600443 0.129943097590053 3.306939635357677
0.6943213825314389 0.3757479418713739 3.6376335988934447
0.5346959775992697 0.5808346663208933 3.968327562429212
0.3171279668312921 0.722978942096098 4.29902152596498
0.0651942201097364 0.7867772313210554 4.6297154895007475
-0.19380433195326227 0.7653159994257874 4.960409453036515
-0.43180117746507374 0.6609209038914703 5.291103416572283
-0.6230056653129423 0.48490477317605385 5.621797380108051
-0.7466978223952381 0.2563416862142241 5.9524913436438185
-0.7894736842105265 1.9336528407589793e-16 6.283185307179586
-0.2631578947368425 -0.0 0.0
-0.2488992741317463 -0.08544722873807471 0.3306939635357677
-0.2076685551043144 -0.16163492439201807 0.6613879270715354
-0.1439337258216915 -0.22030696796382362 0.992081890607303
-0.06460144398442094 -0.2551053331419294 1.3227758541430708
0.021731406703245366 -0.26225907710701873 1.6534698176788385
0.10570932227709733 -0.24099298069869968 1.984163781214606
0.17823199253308997 -0.1936115554402981 2.3148577447503738
0.2314404608438132 -0.12524931395712482 2.6455517082861415
0.25956876405334833 -0.04331436586335112 2.9762456718219092
0.2595687640533484 0.04331436586335106 3.306939635357677
0.23144046084381326 0.12524931395712477 3.6376335988934447
0.1782319925330901 0.19361155544029798 3.968327562429212
0.10570932227709748 0.24099298069869962 4.29902152596498
0.021731406703245488 0.26225907710701873 4.6297154895007475
-0.06460144398442083 0.25510533314192946 4.960409453036515
-0.14393372582169142 0.22030696796382368 5.291103416572283
-0.20766855510431434 0.16163492439201813 5.621797380108051
-0.2488992741317463 0.08544722873807478 5.9524913436438185
-0.2631578947368425 6.445509469196605e-17 6.283185307179586
0.2631578947368416 0.0 0.0
0.24889927413174548 0.08544722873807442 0.3306939635357677
0.2076685551043137 0.16163492439201754 0.6613879270715354
0.143933725821691 0.22030696796382288 0.992081890607303
0.06460144398442072 0.25510533314192857 1.3227758541430708
-0.02173140670324529 0.26225907710701785 1.6534698176788385
-0.10570932227709696 0.24099298069869887 1.984163781214606
-0.17823199253308936 0.19361155544029743 2.3148577447503738
-0.23144046084381242 0.1252493139571244 2.6455517082861415
-0.25956876405334744 0.043314365863350975 2.9762456718219092
-0.2595687640533475 -0.04331436586335091 3.306939635357677
-0.23144046084381245 -0.12524931395712435 3.6376335988934447
-0.1782319925330895 -0.19361155544029732 3.968327562429212
-0.10570932227709713 -0.24099298069869882 4.29902152596498
-0.021731406703245415 -0.26225907710701785 4.6297154895007475
0.06460144398442061 -0.25510533314192857 4.960409453036515
0.14393372582169092 -0.22030696796382293 5.291103416572283
0.20766855510431365 -0.1616349243920176 5.621797380108051
0.24889927413174548 -0.0854472287380745 5.9524913436438185
0.2631578947368416 -6.445509469196583e-17 6.283185307179586
0.7894736842105257 0.0 0.0
0.7466978223952373 0.25634168621422354 0.3306939635357677
0.6230056653129418 0.4849047731760531 0.6613879270715354
0.4318011774650735 0.6609209038914694 0.992081890607303
0.19380433195326238 0.7653159994257865 1.3227758541430708
-0.06519422010973595 0.7867772313210545 1.6534698176788385
-0.31712796683129124 0.7229789420960975 1.984163781214606
-0.5346959775992687 0.580834666320893 2.3148577447503738
-0.694321382531438 0.3757479418713736 2.6455517082861415
-0.7787062921600433 0.12994309759005307 2.9762456718219092
-0.7787062921600434 -0.12994309759005288 3.306939635357677
-0.6943213825314382 -0.37574794187137345 3.6376335988934447
-0.5346959775992691 -0.5808346663208926 3.968327562429212
-0.31712796683129174 -0.7229789420960973 4.29902152596498
-0.06519422010973631 -0.7867772313210545 4.6297154895007475
0.19380433195326205 -0.7653159994257865 4.960409453036515
0.43180117746507324 -0.6609209038914695 5.291103416572283
0.6230056653129417 -0.4849047731760533 5.621797380108051
0.7466978223952373 -0.25634168621422376 5.9524913436438185
0.7894736842105257 -1.933652840758977e-16 6.283185307179586
1.3157894736842106 0.0 0.0
1.24449637065873 0.427236143690373 0.3306939635357677
1.0383427755215706 0.8081746219600893 0.6613879270715354
0.7196686291084565 1.1015348398191165 0.992081890607303
0.3230072199221043 1.2755266657096453 1.3227758541430708
-0.10865703351622667 1.311295385535092 1.6534698176788385
-0.5285466113854859 1.2049649034934968 1.984163781214606
-0.8911599626654486 0.9680577772014891 2.3148577447503738
-1.1572023042190644 0.6262465697856233 2.6455517082861415
-1.29784382026674 0.2165718293167553 2.9762456718219092
-1.2978438202667402 -0.216571829316755 3.306939635357677
-1.1572023042190647 -0.626246569785623 3.6376335988934447
-0.8911599626654493 -0.9680577772014886 3.968327562429212
-0.5285466113854868 -1.2049649034934966 4.29902152596498
-0.1086570335162273 -1.311295385535092 4.6297154895007475
0.3230072199221037 -1.2755266657096456 4.960409453036515
0.7196686291084561 -1.101534839819117 5.291103416572283
1.0383427755215702 -0.8081746219600896 5.621797380108051
1.24449637065873 -0.4272361436903734 5.9524913436438185
1.3157894736842106 -3.222754734598298e-16 6.283185307179586
1.8421052631578947 0.0 0.0
1.7422949189222217 0.5981306011665222 0.3306939635357677
1.4536798857301987 1.131444470744125 0.6613879270715354
1.007536080751839 1.5421487757467631 0.992081890607303
0.45221010789094596 1.7857373319935033 1.3227758541430708
-0.15211984692271732 1.8358135397491286 1.6534698176788385
-0.7399652559396802 1.6869508648908953 1.984163781214606
-1.247623947731628 1.3552808880820846 2.3148577447503738
-1.6200832259066902 0.8767451976998726 2.6455517082861415
-1.8169813483734358 0.30320056104345744 2.9762456718219092
-1.816981348373436 -0.30320056104345694 3.306939635357677
-1.6200832259066904 -0.8767451976998721 3.6376335988934447
-1.2476239477316289 -1.355280888082084 3.968327562429212
-0.7399652559396813 -1.6869508648908949 4.29902152596498
-0.1521198469227182 -1.8358135397491286 4.6297154895007475
0.4522101078909451 -1.7857373319935035 4.960409453036515
1.0075360807518383 -1.5421487757467636 5.291103416572283
1.4536798857301982 -1.1314444707441254 5.621797380108051
1.7422949189222217 -0.5981306011665226 5.9524913436438185
1.8421052631578947 -4.511856628437617e-16 6.283185307179586
2.3684210526315788 0.0 0.0
2.2400934671857136 0.7690250586426712 0.3306939635357677
1.8690169959388268 1.4547143195281604 0.6613879270715354
1.2954035323952215 1.9827627116744095 0.992081890607303
0.5814129958597876 2.295947998277361 1.3227758541430708
-0.19558266032920799 2.360331693963165 1.6534698176788385
-0.9513839004938744 2.1689368262882938 1.984163781214606
-1.6040879327978073 1.7425039989626803 2.3148577447503738
-2.082964147594316 1.1272438256141217 2.6455517082861415
-2.3361188764801315 0.38982929277015954 2.9762456718219092
-2.336118876480132 -0.38982929277015893 3.306939635357677
-2.082964147594316 -1.1272438256141213 3.6376335988934447
-1.6040879327978086 -1.7425039989626792 3.968327562429212
-0.9513839004938759 -2.1689368262882933 4.29902152596498
-0.1955826603292091 -2.360331693963165 4.6297154895007475
0.5814129958597866 -2.2959479982773616 4.960409453036515
1.2954035323952207 -1.98276271167441 5.291103416572283
1.8690169959388263 -1.454714319528161 5.621797380108051
2.2400934671857136 -0.7690250586426719 5.9524913436438185
2.3684210526315788 -5.800958522276936e-16 6.283185307179586
2.894736842105263 0.0 0.0
2.737892015449205 0.9399195161188204 0.3306939635357677
2.284354106147455 1.7779841683121962 0.6613879270715354
1.5832709840386041 2.423376647602056 0.992081890607303
0.7106158838286293 2.8061586645612193 1.3227758541430708
-0.23904547373569865 2.884849848177202 1.6534698176788385
-1.1628025450480688 2.6509227876856927 1.984163781214606
-1.9605519178639865 2.1297271098432757 2.3148577447503738
-2.5458450692819414 1.377742453528371 2.6455517082861415
-2.8552564045868274 0.47645802449686164 2.9762456718219092
-2.855256404586828 -0.4764580244968609 3.306939635357677
-2.545845069281942 -1.3777424535283704 3.6376335988934447
-1.960551917863988 -2.1297271098432744 3.968327562429212
-1.1628025450480706 -2.650922787685692 4.29902152596498
-0.2390454737357 -2.884849848177202 4.6297154895007475
0.710615883828628 -2.8061586645612193 4.960409453036515
1.583270984038603 -2.4233766476020566 5.291103416572283
2.2843541061474544 -1.7779841683121969 5.621797380108051
2.737892015449205 -0.9399195161188212 5.9524913436438185
2.894736842105263 -7.090060416116255e-16 6.283185307179586
3.421052631578947 0.0 0.0
3.235690563712697 1.1108139735949696 0.3306939635357677
2.699691216356083 2.1012540170962315 0.6613879270715354
1.8711384356819867 2.8639905835297026 0.992081890607303
0.839818771797471 3.316369330845077 1.3227758541430708
-0.2825082871421893 3.4093680023912385 1.6534698176788385
-1.3742211896022631 3.132908749083091 1.984163781214606
-2.317015902930166 2.516950220723871 2.3148577447503738
-3.008725990969567 1.6282410814426203 2.6455517082861415
-3.3743939326935233 0.5630867562235637 2.9762456718219092
-3.3743939326935237 -0.5630867562235629 3.306939635357677
-3.0087259909695674 -1.6282410814426196 3.6376335988934447
-2.3170159029301676 -2.51695022072387 3.968327562429212
-1.3742211896022651 -3.1329087490830902 4.29902152596498
-0.2825082871421909 -3.4093680023912385 4.6297154895007475
0.8398187717974694 -3.3163693308450775 4.960409453036515
1.8711384356819853 -2.8639905835297035 5.291103416572283
2.699691216356082 -2.1012540170962324 5.621797380108051
3.235690563712697 -1.1108139735949705 5.9524913436438185
3.421052631578947 -8.379162309955574e-16 6.283185307179586
3.947368421052632 0.0 0.0
3.7334891119761897 1.281708431071119 0.3306939635357677
3.115028326564712 2.4245238658802677 0.6613879270715354
2.1590058873253697 3.30460451945735 0.992081890607303
0.9690216597663128 3.826579997128936 1.3227758541430708
-0.32597110054868006 3.933886156605276 1.6534698176788385
-1.5856398341564577 3.6148947104804905 1.984163781214606
-2.6734798879963457 2.9041733316044676 2.3148577447503738
-3.4716069126571933 1.8787397093568698 2.6455517082861415
-3.89353146080022 0.649715487950266 2.9762456718219092
-3.8935314608002205 -0.649715487950265 3.306939635357677
-3.471606912657194 -1.878739709356869 3.6376335988934447
-2.673479887996348 -2.904173331604466 3.968327562429212
-1.5856398341564601 -3.6148947104804896 4.29902152596498
-0.3259711005486819 -3.933886156605276 4.6297154895007475
0.969021659766311 -3.8265799971289365 4.960409453036515
2.1590058873253684 -3.304604519457351 5.291103416572283
3.115028326564711 -2.4245238658802686 5.621797380108051
3.7334891119761897 -1.28170843107112 5.9524913436438185
3.947368421052632 -9.668264203794895e-16 6.283185307179586
4.473684210526315 0.0 0.0
4.231287660239681 1.452602888547268 0.3306939635357677
3.530365436773339 2.747793714664303 0.6613879270715354
2.446873338968752 3.7452184553849954 0.992081890607303
1.0982245477351542 4.336790663412793 1.3227758541430708
-0.3694339139551706 4.458404310819311 1.6534698176788385
-1.7970584787106516 4.096880671877888 1.984163781214606
-3.0299438730625243 3.291396442485062 2.3148577447503738
-3.9344878343448184 2.1292383372711186 2.6455517082861415
-4.412668988906915 0.736344219676968 2.9762456718219092
-4.4126689889069155 -0.7363442196769668 3.306939635357677
-3.934487834344819 -2.1292383372711177 3.6376335988934447
-3.029943873062527 -3.2913964424850604 3.968327562429212
-1.7970584787106543 -4.096880671877887 4.29902152596498
-0.3694339139551727 -4.458404310819311 4.6297154895007475
1.0982245477351522 -4.336790663412794 4.960409453036515
2.44687333896875 -3.7452184553849963 5.291103416572283
3.530365436773338 -2.747793714664304 5.621797380108051
4.231287660239681 -1.452602888547269 5.9524913436438185
4.473684210526315 -1.0957366097634212e-15 6.283185307179586
5.0 0.0 0.0
4.7290862085031735 1.6234973460234172 0.3306939635357677
3.945702546981968 3.071063563448339 0.6613879270715354
2.7347407906121344 4.185832391312642 0.992081890607303
1.2274274357039963 4.847001329696652 1.3227758541430708
-0.41289672736166133 4.982922465033349 1.6534698176788385
-2.0084771232648464 4.578866633275288 1.984163781214606
-3.3864078581287043 3.6786195533656585 2.3148577447503738
-4.397368756032445 2.3797369651853684 2.6455517082861415
-4.931806517013611 0.8229729514036701 2.9762456718219092
-4.931806517013612 -0.8229729514036689 3.306939635357677
-4.397368756032446 -2.3797369651853675 3.6376335988934447
-3.386407858128707 -3.6786195533656563 3.968327562429212
-2.0084771232648495 -4.578866633275286 4.29902152596498
-0.4128967273616637 -4.982922465033349 4.6297154895007475
1.227427435703994 -4.847001329696653 4.960409453036515
2.734740790612133 -4.185832391312644 5.291103416572283
3.9457025469819667 -3.07106356344834 5.621797380108051
4.7290862085031735 -1.6234973460234188 5.9524913436438185
5.0 -1.2246467991473533e-15 6.283185307179586
