1.3 0.0 0.0
1.292986166713026 0.0 0.06449113206330721
1.272272625901287 0.0 0.12596673046807938
1.2388279197116931 0.0 0.18155226455812953
1.1942158854345484 0.0 0.22864861653829094
1.140522532209937 0.0 0.2650536133338069
1.0802585015587662 0.0 0.2890649977557669
1.0162416725756254 0.0 0.2995600241553371
0.9514654010341705 0.0 0.2960479567624578
0.8889585533980257 0.0 0.2786930159450374
0.8316438803912853 0.0 0.24830669944706715
0.7822013524230608 0.0 0.20630983765602695
0.7429428471497233 0.0 0.15466615715310647
0.7157040486451594 0.0 0.09579045904079393
0.7017586128536921 0.0 0.03243570552718258
0.7017586128536921 0.0 -0.0324357055271825
0.7157040486451594 0.0 -0.09579045904079399
0.7429428471497233 0.0 -0.15466615715310655
0.7822013524230608 0.0 -0.20630983765602703
0.8316438803912852 0.0 -0.24830669944706713
0.8889585533980257 0.0 -0.2786930159450374
0.9514654010341705 0.0 -0.2960479567624578
1.0162416725756254 0.0 -0.2995600241553371
1.0802585015587662 0.0 -0.2890649977557669
1.140522532209937 0.0 -0.26505361333380684
1.1942158854345484 0.0 -0.22864861653829086
1.2388279197116931 0.0 -0.18155226455812948
1.272272625901287 0.0 -0.12596673046807946
1.292986166713026 0.0 -0.06449113206330731
1.3 0.0 -7.347880794884119e-17
1.2696067224231127 0.2794615722743313 0.0
1.2627568686607302 0.27795380544506376 0.06449113206330721
1.2425275989224462 0.2735010064584352 0.12596673046807938
1.2098648113780044 0.26631138324612985 0.18155226455812953
1.1662957816709019 0.25672111459886277 0.22864861653829094
1.1138577492067439 0.24517863081976204 0.2650536133338069
1.0550026581028678 0.2322236456217892 0.2890649977557669
0.9924825070065552 0.21846191971436957 0.2995600241553371
0.9292206686969121 0.2045369361058742 0.2960479567624578
0.8681751964228146 0.19109981155332872 0.2786930159450374
0.81220050862063 0.17877885106651886 0.24830669944706715
0.763913919480591 0.16815016906404376 0.20630983765602695
0.7255732562441967 0.15971075090340758 0.15466615715310647
0.6989712857117945 0.1538552143980621 0.09579045904079393
0.6853518864595124 0.1508573579270358 0.03243570552718258
0.6853518864595124 0.1508573579270358 -0.0324357055271825
0.6989712857117945 0.1538552143980621 -0.09579045904079399
0.7255732562441967 0.15971075090340758 -0.15466615715310655
0.763913919480591 0.16815016906404376 -0.20630983765602703
0.8122005086206299 0.17877885106651883 -0.24830669944706713
0.8681751964228146 0.19109981155332872 -0.2786930159450374
0.9292206686969121 0.2045369361058742 -0.2960479567624578
0.9924825070065552 0.21846191971436957 -0.2995600241553371
1.0550026581028678 0.2322236456217892 -0.2890649977557669
1.1138577492067439 0.24517863081976204 -0.26505361333380684
1.1662957816709019 0.25672111459886277 -0.22864861653829086
1.2098648113780044 0.26631138324612985 -0.18155226455812948
1.2425275989224462 0.2735010064584352 -0.12596673046807946
1.2627568686607302 0.27795380544506376 -0.06449113206330731
1.2696067224231127 0.2794615722743313 -7.347880794884119e-17
1.1798480455722442 0.545855832028344 0.0
1.1734824628833165 0.542910799870983 0.06449113206330721
1.154683362388231 0.53421340982941 0.12596673046807938
1.1243297691324385 0.5201703421955144 0.18155226455812953
1.0838409834009837 0.5014382352041084 0.22864861653829094
1.0351102158146162 0.47889298135886843 0.2650536133338069
0.9804160629053165 0.45358877167234807 0.2890649977557669
0.9223159624749385 0.4267088028658799 0.2995600241553371
0.8635266106459828 0.39950995240591475 0.2960479567624578
0.8067969321703 0.3732640083106095 0.2786930159450374
0.754779543762904 0.34919820175558897 0.24830669944706715
0.7099067206925496 0.3284378231081429 0.20630983765602695
0.6742766662934457 0.3119536046003223 0.15466615715310647
0.6495554023093335 0.30051632996865985 0.09579045904079393
0.6368988675683983 0.29466079346331436 0.03243570552718258
0.6368988675683983 0.29466079346331436 -0.0324357055271825
0.6495554023093335 0.30051632996865985 -0.09579045904079399
0.6742766662934457 0.3119536046003223 -0.15466615715310655
0.7099067206925496 0.3284378231081429 -0.20630983765602703
0.7547795437629039 0.3491982017555889 -0.24830669944706713
0.8067969321703 0.3732640083106095 -0.2786930159450374
0.8635266106459828 0.39950995240591475 -0.2960479567624578
0.9223159624749385 0.4267088028658799 -0.2995600241553371
0.9804160629053165 0.45358877167234807 -0.2890649977557669
1.0351102158146162 0.47889298135886843 -0.26505361333380684
1.0838409834009837 0.5014382352041084 -0.22864861653829086
1.1243297691324385 0.5201703421955144 -0.18155226455812948
1.154683362388231 0.53421340982941 -0.12596673046807946
1.1734824628833165 0.542910799870983 -0.06449113206330731
1.1798480455722442 0.545855832028344 -7.347880794884119e-17
1.034920985417337 0.7867264797518947 0.0
1.0293373213735615 0.7824818886969502 0.06449113206330721
1.0128474151671252 0.7699465878923222 0.12596673046807938
0.9862223164850269 0.7497067140716486 0.18155226455812953
0.9507069853499694 0.7227086612397802 0.22864861653829094
0.9079620791733726 0.6902148283409544 0.2650536133338069
0.8599863022605032 0.653744590887219 0.2890649977557669
0.8090229486185606 0.6150032566481534 0.2995600241553371
0.7574550080221426 0.5758023273548751 0.2960479567624578
0.7076937400598885 0.5379747948924349 0.2786930159450374
0.662065926316036 0.5032894326364936 0.24830669944706715
0.6227050726495751 0.47336808957612747 0.20630983765602695
0.5914516488315027 0.44960985445765517 0.15466615715310647
0.5697670302238661 0.4331256359498346 0.09579045904079393
0.5586651654920357 0.4246862177891984 0.03243570552718258
0.5586651654920357 0.4246862177891984 -0.0324357055271825
0.5697670302238661 0.4331256359498346 -0.09579045904079399
0.5914516488315027 0.44960985445765517 -0.15466615715310655
0.6227050726495751 0.47336808957612747 -0.20630983765602703
0.662065926316036 0.5032894326364935 -0.24830669944706713
0.7076937400598885 0.5379747948924349 -0.2786930159450374
0.7574550080221426 0.5758023273548751 -0.2960479567624578
0.8090229486185606 0.6150032566481534 -0.2995600241553371
0.8599863022605032 0.653744590887219 -0.2890649977557669
0.9079620791733726 0.6902148283409544 -0.26505361333380684
0.9507069853499694 0.7227086612397802 -0.22864861653829086
0.9862223164850269 0.7497067140716486 -0.18155226455812948
1.0128474151671252 0.7699465878923222 -0.12596673046807946
1.0293373213735615 0.7824818886969502 -0.06449113206330731
1.034920985417337 0.7867264797518947 -7.347880794884119e-17
0.8416021702163761 0.9908106716659274 0.0
0.8370615107426428 0.9854649940736047 0.06449113206330721
0.8236518485118544 0.9696779192395596 0.12596673046807938
0.8020002044261534 0.9441876332369586 0.18155226455812953
0.7731189852989131 0.9101860335088654 0.22864861653829094
0.7383586448373536 0.8692629970685015 0.2650536133338069
0.6993445379281139 0.8233320396171303 0.2890649977557669
0.6579009208492047 0.7745408416765852 0.2995600241553371
0.6159656510739634 0.7251708254350442 0.2960479567624578
0.5754995752093758 0.67753047798113 0.2786930159450374
0.5383948419880569 0.6338474090133444 0.24830669944706715
0.5063864274964864 0.5961641902863767 0.20630983765602695
0.48097100962149264 0.5662428472260106 0.15466615715310647
0.4633369850557022 0.5454824685785645 0.09579045904079393
0.4543089011890007 0.5348537865760894 0.03243570552718258
0.4543089011890007 0.5348537865760894 -0.0324357055271825
0.4633369850557022 0.5454824685785645 -0.09579045904079399
0.48097100962149264 0.5662428472260106 -0.15466615715310655
0.5063864274964864 0.5961641902863767 -0.20630983765602703
0.5383948419880569 0.6338474090133442 -0.24830669944706713
0.5754995752093758 0.67753047798113 -0.2786930159450374
0.6159656510739634 0.7251708254350442 -0.2960479567624578
0.6579009208492047 0.7745408416765852 -0.2995600241553371
0.6993445379281139 0.8233320396171303 -0.2890649977557669
0.7383586448373536 0.8692629970685015 -0.26505361333380684
0.7731189852989131 0.9101860335088654 -0.22864861653829086
0.8020002044261534 0.9441876332369586 -0.18155226455812948
0.8236518485118544 0.9696779192395596 -0.12596673046807946
0.8370615107426428 0.9854649940736047 -0.06449113206330731
0.8416021702163761 0.9908106716659274 -7.347880794884119e-17
0.6089309729097272 1.1485656577798298 0.0
0.6056456341964475 1.142368851593052 0.06449113206330721
0.5959432368434493 1.1240681888027562 0.12596673046807938
0.580277454167519 1.0945193880612916 0.18155226455812953
0.559380800755316 1.0551041184501952 0.22864861653829094
0.5342303808954328 1.0076653941695566 0.2650536133338069
0.5060022002678335 0.9544213972423828 0.2890649977557669
0.4760161772252954 0.8978617577885366 0.2995600241553371
0.44567442487821635 0.8406311416873551 0.2960479567624578
0.41639568984391034 0.7854055889404687 0.2786930159450374
0.38954901323160473 0.7347673850155283 0.24830669944706715
0.3663897158017529 0.6910843160477426 0.20630983765602695
0.3480007005624644 0.6563989537918011 0.15466615715310647
0.33524181742840586 0.6323331472367806 0.09579045904079393
0.32870965759444565 0.6200121867499706 0.03243570552718258
0.32870965759444565 0.6200121867499706 -0.0324357055271825
0.33524181742840586 0.6323331472367806 -0.09579045904079399
0.3480007005624644 0.6563989537918011 -0.15466615715310655
0.3663897158017529 0.6910843160477426 -0.20630983765602703
0.3895490132316047 0.7347673850155282 -0.24830669944706713
0.41639568984391034 0.7854055889404687 -0.2786930159450374
0.44567442487821635 0.8406311416873551 -0.2960479567624578
0.4760161772252954 0.8978617577885366 -0.2995600241553371
0.5060022002678335 0.9544213972423828 -0.2890649977557669
0.5342303808954328 1.0076653941695566 -0.26505361333380684
0.559380800755316 1.0551041184501952 -0.22864861653829086
0.580277454167519 1.0945193880612916 -0.18155226455812948
0.5959432368434493 1.1240681888027562 -0.12596673046807946
0.6056456341964475 1.142368851593052 -0.06449113206330731
0.6089309729097272 1.1485656577798298 -7.347880794884119e-17
0.347786840087987 1.25261499027499 0.0
0.3459104409220019 1.245856811263795 0.06449113206330721
0.34036898176358016 1.2258982791695974 0.12596673046807938
0.33142157508408016 1.1936726327708065 0.18155226455812953
0.31948659167550697 1.1506867074767964 0.22864861653829094
0.3051220980972641 1.09895047737889 0.2650536133338069
0.28899976210408235 1.0408830710957764 0.2890649977557669
0.27187344620831344 0.9791996560079665 0.2995600241553371
0.25454395790671036 0.9167844800487746 0.2960479567624578
0.23782160481191336 0.8565560074765669 0.2786930159450374
0.22248830556907456 0.8013304547296806 0.24830669944706715
0.2092610282090509 0.7536901072757664 0.20630983765602695
0.1987582655201343 0.715862574813326 0.15466615715310647
0.19147111501267608 0.6896166307180209 0.09579045904079393
0.1877403157453189 0.6761795061654754 0.03243570552718258
0.1877403157453189 0.6761795061654754 -0.0324357055271825
0.19147111501267608 0.6896166307180209 -0.09579045904079399
0.1987582655201343 0.715862574813326 -0.15466615715310655
0.2092610282090509 0.7536901072757664 -0.20630983765602703
0.22248830556907453 0.8013304547296805 -0.24830669944706713
0.23782160481191336 0.8565560074765669 -0.2786930159450374
0.25454395790671036 0.9167844800487746 -0.2960479567624578
0.27187344620831344 0.9791996560079665 -0.2995600241553371
0.28899976210408235 1.0408830710957764 -0.2890649977557669
0.3051220980972641 1.09895047737889 -0.26505361333380684
0.31948659167550697 1.1506867074767964 -0.22864861653829086
0.33142157508408016 1.1936726327708065 -0.18155226455812948
0.34036898176358016 1.2258982791695974 -0.12596673046807946
0.3459104409220019 1.245856811263795 -0.06449113206330731
0.347786840087987 1.25261499027499 -7.347880794884119e-17
0.0703805811610429 1.298093438006461 0.0
0.07000085988188605 1.2910898911102362 0.06449113206330721
0.068879451389399 1.270406728490546 0.12596673046807938
0.06706879149833442 1.237011071843803 0.18155226455812953
0.06465354465279456 1.1924644649582021 0.22864861653829094
0.061746645110922795 1.1388498576617168 0.2650536133338069
0.058484016264510254 1.0786742094031745 0.2890649977557669
0.05501821501226368 1.0147512666147152 0.2995600241553371
0.051511298368776666 0.9500699950558789 0.2960479567624578
0.04812724585864079 0.8876548190966871 0.2786930159450374
0.045024292016125775 0.8304242029955058 0.24830669944706715
0.04234752751422211 0.7810541867539649 0.20630983765602695
0.040222114886028754 0.7418532574606869 0.15466615715310647
0.03874743606381356 0.7146544070007218 0.09579045904079393
0.0379924453903155 0.7007294233922263 0.03243570552718258
0.0379924453903155 0.7007294233922263 -0.0324357055271825
0.03874743606381356 0.7146544070007218 -0.09579045904079399
0.040222114886028754 0.7418532574606869 -0.15466615715310655
0.04234752751422211 0.7810541867539649 -0.20630983765602703
0.04502429201612577 0.8304242029955057 -0.24830669944706713
0.04812724585864079 0.8876548190966871 -0.2786930159450374
0.051511298368776666 0.9500699950558789 -0.2960479567624578
0.05501821501226368 1.0147512666147152 -0.2995600241553371
0.058484016264510254 1.0786742094031745 -0.2890649977557669
0.061746645110922795 1.1388498576617168 -0.26505361333380684
0.06465354465279456 1.1924644649582021 -0.22864861653829086
0.06706879149833442 1.237011071843803 -0.18155226455812948
0.068879451389399 1.270406728490546 -0.12596673046807946
0.07000085988188605 1.2910898911102362 -0.06449113206330731
0.0703805811610429 1.298093438006461 -7.347880794884119e-17
-0.21031659551859416 1.2828744793039841 0.0
-0.20918188356593925 1.2759530425917134 0.06449113206330721
-0.20583080557773897 1.2555123711429432 0.12596673046807938
-0.20042005423626585 1.222508248036443 0.18155226455812953
-0.19320263026062898 1.178483909387225 0.22864861653829094
-0.18451601237433854 1.125497884340988 0.2650536133338069
-0.17476637717527513 1.0660277405391572 0.2890649977557669
-0.1644096067694057 1.0028542358095887 0.2995600241553371
-0.1539299722301851 0.9389312930211291 0.2960479567624578
-0.1438174896213901 0.8772478779333193 0.2786930159450374
-0.1345450073905908 0.820688238479473 0.24830669944706715
-0.12654609650127552 0.7718970405389278 0.20630983765602695
-0.12019477713647775 0.7331557062998619 0.15466615715310647
-0.11578802993071094 0.7062757374933939 0.09579045904079393
-0.11353190948556897 0.6925140115859741 0.03243570552718258
-0.11353190948556897 0.6925140115859741 -0.0324357055271825
-0.11578802993071094 0.7062757374933939 -0.09579045904079399
-0.12019477713647775 0.7331557062998619 -0.15466615715310655
-0.12654609650127552 0.7718970405389278 -0.20630983765602703
-0.1345450073905908 0.8206882384794729 -0.24830669944706713
-0.1438174896213901 0.8772478779333193 -0.2786930159450374
-0.1539299722301851 0.9389312930211291 -0.2960479567624578
-0.1644096067694057 1.0028542358095887 -0.2995600241553371
-0.17476637717527513 1.0660277405391572 -0.2890649977557669
-0.18451601237433854 1.125497884340988 -0.26505361333380684
-0.19320263026062898 1.178483909387225 -0.22864861653829086
-0.20042005423626585 1.222508248036443 -0.18155226455812948
-0.20583080557773897 1.2555123711429432 -0.12596673046807946
-0.20918188356593925 1.2759530425917134 -0.06449113206330731
-0.21031659551859416 1.2828744793039841 -7.347880794884119e-17
-0.4811796019418888 1.207669735761829 0.0
-0.47858351462718657 1.201154047921554 0.06449113206330721
-0.4709166428405715 1.1819116507224734 0.12596673046807938
-0.45853748098566977 1.1508422972712282 0.18155226455812953
-0.44202486491236637 1.1093987560040919 0.22864861653829094
-0.42215090619579426 1.0595188808495282 0.2650536133338069
-0.3998448890572218 1.0035349993322649 0.2890649977557669
-0.3761498180666913 0.9440648555304342 0.2995600241553371
-0.3521736484085398 0.8838892072718917 0.2960479567624578
-0.32903747912838405 0.8258218009887779 0.2786930159450374
-0.30782313178775883 0.7725778040616043 0.24830669944706715
-0.289522565690258 0.726646846610233 0.20630983765602695
-0.2749914949669826 0.6901766091564977 0.15466615715310647
-0.2649093763348277 0.6648723994699774 0.09579045904079393
-0.25974763845556276 0.6519174142720046 0.03243570552718258
-0.25974763845556276 0.6519174142720046 -0.0324357055271825
-0.2649093763348277 0.6648723994699774 -0.09579045904079399
-0.2749914949669826 0.6901766091564977 -0.15466615715310655
-0.289522565690258 0.726646846610233 -0.20630983765602703
-0.3078231317877588 0.7725778040616041 -0.24830669944706713
-0.32903747912838405 0.8258218009887779 -0.2786930159450374
-0.3521736484085398 0.8838892072718917 -0.2960479567624578
-0.3761498180666913 0.9440648555304342 -0.2995600241553371
-0.3998448890572218 1.0035349993322649 -0.2890649977557669
-0.42215090619579426 1.0595188808495282 -0.26505361333380684
-0.44202486491236637 1.1093987560040919 -0.22864861653829086
-0.45853748098566977 1.1508422972712282 -0.18155226455812948
-0.4709166428405715 1.1819116507224734 -0.12596673046807946
-0.47858351462718657 1.201154047921554 -0.06449113206330731
-0.4811796019418888 1.207669735761829 -7.347880794884119e-17
-0.7295431849710969 1.0759956976039577 0.0
-0.7256071124518391 1.0701904249574228 0.06449113206330721
-0.7139829412704354 1.0530460551146728 0.12596673046807938
-0.69521420475199 1.025364239754956 0.18155226455812953
-0.6701785081561531 0.9884393497983653 0.22864861653829094
-0.6400464928305677 0.9439979520602028 0.2650536133338069
-0.6062270983225285 0.894118076905639 0.2890649977557669
-0.5703016819316742 0.8411320518594022 0.2995600241553371
-0.5339500762002083 0.7875174445629167 0.2960479567624578
-0.4988720418102266 0.7357812144650105 0.2786930159450374
-0.4667077886633695 0.6883424901843719 0.24830669944706715
-0.438961281488784 0.647419453744008 0.20630983765602695
-0.4169299161239261 0.6149256208451823 0.15466615715310647
-0.40164385472715264 0.5923803669999425 0.09579045904079393
-0.3938178565401396 0.5808378832208416 0.03243570552718258
-0.3938178565401396 0.5808378832208416 -0.0324357055271825
-0.40164385472715264 0.5923803669999425 -0.09579045904079399
-0.4169299161239261 0.6149256208451823 -0.15466615715310655
-0.438961281488784 0.647419453744008 -0.20630983765602703
-0.4667077886633694 0.6883424901843718 -0.24830669944706713
-0.4988720418102266 0.7357812144650105 -0.2786930159450374
-0.5339500762002083 0.7875174445629167 -0.2960479567624578
-0.5703016819316742 0.8411320518594022 -0.2995600241553371
-0.6062270983225285 0.894118076905639 -0.2890649977557669
-0.6400464928305677 0.9439979520602028 -0.26505361333380684
-0.6701785081561531 0.9884393497983653 -0.22864861653829086
-0.69521420475199 1.025364239754956 -0.18155226455812948
-0.7139829412704354 1.0530460551146728 -0.12596673046807946
-0.7256071124518391 1.0701904249574228 -0.06449113206330731
-0.7295431849710969 1.0759956976039577 -7.347880794884119e-17
-0.9437941395000701 0.8940092965094502 0.0
-0.9387021281526265 0.88918588715351 0.06449113206330721
-0.9236641909015383 0.8749411963463388 0.12596673046807938
-0.8993834849791995 0.8519412899982434 0.18155226455812953
-0.8669953492084722 0.8212616181675005 0.22864861653829094
-0.828014216821168 0.7843367282109096 0.2650536133338069
-0.7842628022433007 0.7428931869437734 0.2890649977557669
-0.7377868729943264 0.6988688482945552 0.2995600241553371
-0.6907595918716416 0.6543222414089543 0.2960479567624578
-0.6453799022734744 0.6113363161149442 0.2786930159450374
-0.6037697080495326 0.5719210465038479 0.24830669944706715
-0.5678746556353182 0.5379194467757547 0.20630983765602695
-0.5393731577872347 0.5109213939438861 0.15466615715310647
-0.5195979128675189 0.49218928695248015 0.09579045904079393
-0.5094735893500102 0.482599018305213 0.03243570552718258
-0.5094735893500102 0.482599018305213 -0.0324357055271825
-0.5195979128675189 0.49218928695248015 -0.09579045904079399
-0.5393731577872347 0.5109213939438861 -0.15466615715310655
-0.5678746556353182 0.5379194467757547 -0.20630983765602703
-0.6037697080495326 0.5719210465038479 -0.24830669944706713
-0.6453799022734744 0.6113363161149442 -0.2786930159450374
-0.6907595918716416 0.6543222414089543 -0.2960479567624578
-0.7377868729943264 0.6988688482945552 -0.2995600241553371
-0.7842628022433007 0.7428931869437734 -0.2890649977557669
-0.828014216821168 0.7843367282109096 -0.26505361333380684
-0.8669953492084722 0.8212616181675005 -0.22864861653829086
-0.8993834849791995 0.8519412899982434 -0.18155226455812948
-0.9236641909015383 0.8749411963463388 -0.12596673046807946
-0.9387021281526265 0.88918588715351 -0.06449113206330731
-0.9437941395000701 0.8940092965094502 -7.347880794884119e-17
-1.1139143290178661 0.6702200143301281 0.0
-1.1079044756334793 0.6666040055254321 0.06449113206330721
-1.0901559295451007 0.6559250596641464 0.12596673046807938
-1.0614985930417304 0.6386825123859491 0.18155226455812953
-1.0232724513279243 0.6156826060378535 0.22864861653829094
-0.9772649163049151 0.5880007906781369 0.2650536133338069
-0.9256272491766758 0.5569314372268915 0.2890649977557669
-0.8707739698669782 0.5239273141203915 0.2995600241553371
-0.8152699567513022 0.49053165747364835 0.2960479567624578
-0.7617105157946574 0.45830601107485747 0.2786930159450374
-0.7126000269291332 0.42875721033339276 0.24830669944706715
-0.6702348420316931 0.4032669243307918 0.20630983765602695
-0.6365959100626207 0.3830270505101182 0.15466615715310647
-0.6132561500938022 0.36898398287622264 0.09579045904079393
-0.6013069033610992 0.3617943596639172 0.03243570552718258
-0.6013069033610992 0.3617943596639172 -0.0324357055271825
-0.6132561500938022 0.36898398287622264 -0.09579045904079399
-0.6365959100626207 0.3830270505101182 -0.15466615715310655
-0.6702348420316931 0.4032669243307918 -0.20630983765602703
-0.712600026929133 0.4287572103333927 -0.24830669944706713
-0.7617105157946574 0.45830601107485747 -0.2786930159450374
-0.8152699567513022 0.49053165747364835 -0.2960479567624578
-0.8707739698669782 0.5239273141203915 -0.2995600241553371
-0.9256272491766758 0.5569314372268915 -0.2890649977557669
-0.9772649163049151 0.5880007906781369 -0.26505361333380684
-1.0232724513279243 0.6156826060378535 -0.22864861653829086
-1.0614985930417304 0.6386825123859491 -0.18155226455812948
-1.0901559295451007 0.6559250596641464 -0.12596673046807946
-1.1079044756334793 0.6666040055254321 -0.06449113206330731
-1.1139143290178661 0.6702200143301281 -7.347880794884119e-17
-1.2319491225376433 0.41509198917677376 0.0
-1.2253024411810949 0.41285246147612426 0.06449113206330721
-1.205673188544426 0.406238596200402 0.12596673046807938
-1.1739792066645802 0.39555965033911633 0.18155226455812953
-1.131702470908928 0.3813149595319452 0.22864861653829094
-1.0808197944541869 0.3641705896891952 0.2650536133338069
-1.023710394699347 0.34492819249011475 0.2890649977557669
-0.9630446437044066 0.32448752104134454 0.2995600241553371
-0.9016592045607487 0.3038043584216543 0.2960479567624578
-0.8424243921777157 0.2838458263274567 0.2786930159450374
-0.7881099605475728 0.2655451635371612 0.24830669944706715
-0.7412555921271904 0.24975808870311608 0.20630983765602695
-0.7040521451090154 0.23722278789848797 0.15466615715310647
-0.678239211326956 0.22852539785691509 0.09579045904079393
-0.6650237748756459 0.22407259887028655 0.03243570552718258
-0.6650237748756459 0.22407259887028655 -0.0324357055271825
-0.678239211326956 0.22852539785691509 -0.09579045904079399
-0.7040521451090154 0.23722278789848797 -0.15466615715310655
-0.7412555921271904 0.24975808870311608 -0.20630983765602703
-0.7881099605475728 0.2655451635371611 -0.24830669944706713
-0.8424243921777157 0.2838458263274567 -0.2786930159450374
-0.9016592045607487 0.3038043584216543 -0.2960479567624578
-0.9630446437044066 0.32448752104134454 -0.2995600241553371
-1.023710394699347 0.34492819249011475 -0.2890649977557669
-1.0808197944541869 0.3641705896891952 -0.26505361333380684
-1.131702470908928 0.3813149595319452 -0.22864861653829086
-1.1739792066645802 0.39555965033911633 -0.18155226455812948
-1.205673188544426 0.406238596200402 -0.12596673046807946
-1.2253024411810949 0.41285246147612426 -0.06449113206330731
-1.2319491225376433 0.41509198917677376 -7.347880794884119e-17
-1.2923793443006675 0.1405547239511245 0.0
-1.285406626404934 0.1397963951807477 0.06449113206330721
-1.2648145092569183 0.13755686748009824 0.12596673046807938
-1.2315658573679675 0.1339408586754022 0.18155226455812953
-1.1872153407471866 0.12911744931946206 0.22864861653829094
-1.133836740259704 0.12331217667292707 0.2650536133338069
-1.0739259799382614 0.11679648883265215 0.2890649977557669
-1.0102844203494619 0.1098750521203816 0.2995600241553371
-0.9458878700871638 0.10287150522415678 0.2960479567624578
-0.883747440270008 0.0961133262129619 0.2786930159450374
-0.826768748332117 0.08991652002618393 0.24830669944706715
-0.777616054581239 0.08457084243386119 0.20630983765602695
-0.7385876843478695 0.08032625137891679 0.15466615715310647
-0.7115085608472032 0.0773812192215558 0.09579045904079393
-0.6976448737978466 0.07587345239228827 0.03243570552718258
-0.6976448737978466 0.07587345239228827 -0.0324357055271825
-0.7115085608472032 0.0773812192215558 -0.09579045904079399
-0.7385876843478695 0.08032625137891679 -0.15466615715310655
-0.777616054581239 0.08457084243386119 -0.20630983765602703
-0.8267687483321169 0.08991652002618392 -0.24830669944706713
-0.883747440270008 0.0961133262129619 -0.2786930159450374
-0.9458878700871638 0.10287150522415678 -0.2960479567624578
-1.0102844203494619 0.1098750521203816 -0.2995600241553371
-1.0739259799382614 0.11679648883265215 -0.2890649977557669
-1.133836740259704 0.12331217667292707 -0.26505361333380684
-1.1872153407471866 0.12911744931946206 -0.22864861653829086
-1.2315658573679675 0.1339408586754022 -0.18155226455812948
-1.2648145092569183 0.13755686748009824 -0.12596673046807946
-1.285406626404934 0.1397963951807477 -0.06449113206330731
-1.2923793443006675 0.1405547239511245 -7.347880794884119e-17
-1.2923793443006675 -0.1405547239511242 0.0
-1.285406626404934 -0.1397963951807474 0.06449113206330721
-1.2648145092569183 -0.13755686748009793 0.12596673046807938
-1.2315658573679675 -0.1339408586754019 0.18155226455812953
-1.1872153407471866 -0.12911744931946176 0.22864861653829094
-1.133836740259704 -0.12331217667292681 0.2650536133338069
-1.0739259799382614 -0.11679648883265188 0.2890649977557669
-1.0102844203494619 -0.10987505212038136 0.2995600241553371
-0.9458878700871638 -0.10287150522415654 0.2960479567624578
-0.883747440270008 -0.09611332621296169 0.2786930159450374
-0.826768748332117 -0.08991652002618374 0.24830669944706715
-0.777616054581239 -0.08457084243386101 0.20630983765602695
-0.7385876843478695 -0.08032625137891662 0.15466615715310647
-0.7115085608472032 -0.07738121922155564 0.09579045904079393
-0.6976448737978466 -0.0758734523922881 0.03243570552718258
-0.6976448737978466 -0.0758734523922881 -0.0324357055271825
-0.7115085608472032 -0.07738121922155564 -0.09579045904079399
-0.7385876843478695 -0.08032625137891662 -0.15466615715310655
-0.777616054581239 -0.08457084243386101 -0.20630983765602703
-0.8267687483321169 -0.08991652002618372 -0.24830669944706713
-0.883747440270008 -0.09611332621296169 -0.2786930159450374
-0.9458878700871638 -0.10287150522415654 -0.2960479567624578
-1.0102844203494619 -0.10987505212038136 -0.2995600241553371
-1.0739259799382614 -0.11679648883265188 -0.2890649977557669
-1.133836740259704 -0.12331217667292681 -0.26505361333380684
-1.1872153407471866 -0.12911744931946176 -0.22864861653829086
-1.2315658573679675 -0.1339408586754019 -0.18155226455812948
-1.2648145092569183 -0.13755686748009793 -0.12596673046807946
-1.285406626404934 -0.1397963951807474 -0.06449113206330731
-1.2923793443006675 -0.1405547239511242 -7.347880794884119e-17
-1.2319491225376433 -0.4150919891767739 0.0
-1.2253024411810949 -0.4128524614761245 0.06449113206330721
-1.205673188544426 -0.40623859620040215 0.12596673046807938
-1.1739792066645802 -0.39555965033911655 0.18155226455812953
-1.131702470908928 -0.38131495953194544 0.22864861653829094
-1.0808197944541869 -0.36417058968919536 0.2650536133338069
-1.023710394699347 -0.3449281924901149 0.2890649977557669
-0.9630446437044066 -0.3244875210413447 0.2995600241553371
-0.9016592045607487 -0.30380435842165443 0.2960479567624578
-0.8424243921777157 -0.2838458263274568 0.2786930159450374
-0.7881099605475728 -0.2655451635371613 0.24830669944706715
-0.7412555921271904 -0.24975808870311622 0.20630983765602695
-0.7040521451090154 -0.2372227878984881 0.15466615715310647
-0.678239211326956 -0.2285253978569152 0.09579045904079393
-0.6650237748756459 -0.22407259887028666 0.03243570552718258
-0.6650237748756459 -0.22407259887028666 -0.0324357055271825
-0.678239211326956 -0.2285253978569152 -0.09579045904079399
-0.7040521451090154 -0.2372227878984881 -0.15466615715310655
-0.7412555921271904 -0.24975808870311622 -0.20630983765602703
-0.7881099605475728 -0.2655451635371613 -0.24830669944706713
-0.8424243921777157 -0.2838458263274568 -0.2786930159450374
-0.9016592045607487 -0.30380435842165443 -0.2960479567624578
-0.9630446437044066 -0.3244875210413447 -0.2995600241553371
-1.023710394699347 -0.3449281924901149 -0.2890649977557669
-1.0808197944541869 -0.36417058968919536 -0.26505361333380684
-1.131702470908928 -0.38131495953194544 -0.22864861653829086
-1.1739792066645802 -0.39555965033911655 -0.18155226455812948
-1.205673188544426 -0.40623859620040215 -0.12596673046807946
-1.2253024411810949 -0.4128524614761245 -0.06449113206330731
-1.2319491225376433 -0.4150919891767739 -7.347880794884119e-17
-1.113914329017866 -0.6702200143301285 0.0
-1.107904475633479 -0.6666040055254324 0.06449113206330721
-1.0901559295451004 -0.6559250596641467 0.12596673046807938
-1.0614985930417302 -0.6386825123859493 0.18155226455812953
-1.0232724513279243 -0.6156826060378539 0.22864861653829094
-0.977264916304915 -0.5880007906781372 0.2650536133338069
-0.9256272491766756 -0.5569314372268918 0.2890649977557669
-0.8707739698669781 -0.5239273141203917 0.2995600241553371
-0.8152699567513021 -0.4905316574736486 0.2960479567624578
-0.7617105157946573 -0.4583060110748577 0.2786930159450374
-0.712600026929133 -0.428757210333393 0.24830669944706715
-0.670234842031693 -0.403266924330792 0.20630983765602695
-0.6365959100626207 -0.38302705051011837 0.15466615715310647
-0.6132561500938021 -0.3689839828762228 0.09579045904079393
-0.601306903361099 -0.3617943596639174 0.03243570552718258
-0.601306903361099 -0.3617943596639174 -0.0324357055271825
-0.6132561500938021 -0.3689839828762228 -0.09579045904079399
-0.6365959100626207 -0.38302705051011837 -0.15466615715310655
-0.670234842031693 -0.403266924330792 -0.20630983765602703
-0.7126000269291329 -0.4287572103333929 -0.24830669944706713
-0.7617105157946573 -0.4583060110748577 -0.2786930159450374
-0.8152699567513021 -0.4905316574736486 -0.2960479567624578
-0.8707739698669781 -0.5239273141203917 -0.2995600241553371
-0.9256272491766756 -0.5569314372268918 -0.2890649977557669
-0.977264916304915 -0.5880007906781372 -0.26505361333380684
-1.0232724513279243 -0.6156826060378539 -0.22864861653829086
-1.0614985930417302 -0.6386825123859493 -0.18155226455812948
-1.0901559295451004 -0.6559250596641467 -0.12596673046807946
-1.107904475633479 -0.6666040055254324 -0.06449113206330731
-1.113914329017866 -0.6702200143301285 -7.347880794884119e-17
-0.94379413950007 -0.8940092965094505 0.0
-0.9387021281526264 -0.8891858871535103 0.06449113206330721
-0.9236641909015382 -0.8749411963463392 0.12596673046807938
-0.8993834849791994 -0.8519412899982437 0.18155226455812953
-0.8669953492084721 -0.8212616181675009 0.22864861653829094
-0.8280142168211679 -0.7843367282109099 0.2650536133338069
-0.7842628022433006 -0.7428931869437736 0.2890649977557669
-0.7377868729943263 -0.6988688482945555 0.2995600241553371
-0.6907595918716415 -0.6543222414089546 0.2960479567624578
-0.6453799022734743 -0.6113363161149443 0.2786930159450374
-0.6037697080495324 -0.5719210465038481 0.24830669944706715
-0.5678746556353181 -0.5379194467757549 0.20630983765602695
-0.5393731577872346 -0.5109213939438864 0.15466615715310647
-0.5195979128675188 -0.4921892869524803 0.09579045904079393
-0.5094735893500101 -0.4825990183052131 0.03243570552718258
-0.5094735893500101 -0.4825990183052131 -0.0324357055271825
-0.5195979128675188 -0.4921892869524803 -0.09579045904079399
-0.5393731577872346 -0.5109213939438864 -0.15466615715310655
-0.5678746556353181 -0.5379194467757549 -0.20630983765602703
-0.6037697080495324 -0.571921046503848 -0.24830669944706713
-0.6453799022734743 -0.6113363161149443 -0.2786930159450374
-0.6907595918716415 -0.6543222414089546 -0.2960479567624578
-0.7377868729943263 -0.6988688482945555 -0.2995600241553371
-0.7842628022433006 -0.7428931869437736 -0.2890649977557669
-0.8280142168211679 -0.7843367282109099 -0.26505361333380684
-0.8669953492084721 -0.8212616181675009 -0.22864861653829086
-0.8993834849791994 -0.8519412899982437 -0.18155226455812948
-0.9236641909015382 -0.8749411963463392 -0.12596673046807946
-0.9387021281526264 -0.8891858871535103 -0.06449113206330731
-0.94379413950007 -0.8940092965094505 -7.347880794884119e-17
-0.7295431849710973 -1.0759956976039575 0.0
-0.7256071124518393 -1.0701904249574226 0.06449113206330721
-0.7139829412704356 -1.0530460551146725 0.12596673046807938
-0.6952142047519903 -1.025364239754956 0.18155226455812953
-0.6701785081561534 -0.9884393497983652 0.22864861653829094
-0.6400464928305679 -0.9439979520602026 0.2650536133338069
-0.6062270983225287 -0.8941180769056389 0.2890649977557669
-0.5703016819316744 -0.8411320518594021 0.2995600241553371
-0.5339500762002085 -0.7875174445629166 0.2960479567624578
-0.4988720418102268 -0.7357812144650104 0.2786930159450374
-0.46670778866336965 -0.6883424901843718 0.24830669944706715
-0.4389612814887842 -0.647419453744008 0.20630983765602695
-0.41692991612392627 -0.6149256208451822 0.15466615715310647
-0.4016438547271528 -0.5923803669999423 0.09579045904079393
-0.3938178565401398 -0.5808378832208416 0.03243570552718258
-0.3938178565401398 -0.5808378832208416 -0.0324357055271825
-0.4016438547271528 -0.5923803669999423 -0.09579045904079399
-0.41692991612392627 -0.6149256208451822 -0.15466615715310655
-0.4389612814887842 -0.647419453744008 -0.20630983765602703
-0.4667077886633696 -0.6883424901843717 -0.24830669944706713
-0.4988720418102268 -0.7357812144650104 -0.2786930159450374
-0.5339500762002085 -0.7875174445629166 -0.2960479567624578
-0.5703016819316744 -0.8411320518594021 -0.2995600241553371
-0.6062270983225287 -0.8941180769056389 -0.2890649977557669
-0.6400464928305679 -0.9439979520602026 -0.26505361333380684
-0.6701785081561534 -0.9884393497983652 -0.22864861653829086
-0.6952142047519903 -1.025364239754956 -0.18155226455812948
-0.7139829412704356 -1.0530460551146725 -0.12596673046807946
-0.7256071124518393 -1.0701904249574226 -0.06449113206330731
-0.7295431849710973 -1.0759956976039575 -7.347880794884119e-17
-0.4811796019418888 -1.207669735761829 0.0
-0.47858351462718657 -1.201154047921554 0.06449113206330721
-0.4709166428405715 -1.1819116507224734 0.12596673046807938
-0.45853748098566977 -1.1508422972712282 0.18155226455812953
-0.44202486491236637 -1.1093987560040919 0.22864861653829094
-0.42215090619579426 -1.0595188808495282 0.2650536133338069
-0.3998448890572218 -1.0035349993322649 0.2890649977557669
-0.3761498180666913 -0.9440648555304342 0.2995600241553371
-0.3521736484085398 -0.8838892072718917 0.2960479567624578
-0.32903747912838405 -0.8258218009887779 0.2786930159450374
-0.30782313178775883 -0.7725778040616043 0.24830669944706715
-0.289522565690258 -0.726646846610233 0.20630983765602695
-0.2749914949669826 -0.6901766091564977 0.15466615715310647
-0.2649093763348277 -0.6648723994699774 0.09579045904079393
-0.25974763845556276 -0.6519174142720046 0.03243570552718258
-0.25974763845556276 -0.6519174142720046 -0.0324357055271825
-0.2649093763348277 -0.6648723994699774 -0.09579045904079399
-0.2749914949669826 -0.6901766091564977 -0.15466615715310655
-0.289522565690258 -0.726646846610233 -0.20630983765602703
-0.3078231317877588 -0.7725778040616041 -0.24830669944706713
-0.32903747912838405 -0.8258218009887779 -0.2786930159450374
-0.3521736484085398 -0.8838892072718917 -0.2960479567624578
-0.3761498180666913 -0.9440648555304342 -0.2995600241553371
-0.3998448890572218 -1.0035349993322649 -0.2890649977557669
-0.42215090619579426 -1.0595188808495282 -0.26505361333380684
-0.44202486491236637 -1.1093987560040919 -0.22864861653829086
-0.45853748098566977 -1.1508422972712282 -0.18155226455812948
-0.4709166428405715 -1.1819116507224734 -0.12596673046807946
-0.47858351462718657 -1.201154047921554 -0.06449113206330731
-0.4811796019418888 -1.207669735761829 -7.347880794884119e-17
-0.2103165955185942 -1.2828744793039841 0.0
-0.2091818835659393 -1.2759530425917134 0.06449113206330721
-0.205830805577739 -1.2555123711429432 0.12596673046807938
-0.20042005423626588 -1.222508248036443 0.18155226455812953
-0.19320263026062903 -1.178483909387225 0.22864861653829094
-0.18451601237433857 -1.125497884340988 0.2650536133338069
-0.17476637717527516 -1.0660277405391572 0.2890649977557669
-0.16440960676940572 -1.0028542358095887 0.2995600241553371
-0.15392997223018512 -0.9389312930211291 0.2960479567624578
-0.14381748962139013 -0.8772478779333193 0.2786930159450374
-0.13454500739059083 -0.820688238479473 0.24830669944706715
-0.12654609650127555 -0.7718970405389278 0.20630983765602695
-0.12019477713647776 -0.7331557062998619 0.15466615715310647
-0.11578802993071095 -0.7062757374933939 0.09579045904079393
-0.113531909485569 -0.6925140115859741 0.03243570552718258
-0.113531909485569 -0.6925140115859741 -0.0324357055271825
-0.11578802993071095 -0.7062757374933939 -0.09579045904079399
-0.12019477713647776 -0.7331557062998619 -0.15466615715310655
-0.12654609650127555 -0.7718970405389278 -0.20630983765602703
-0.1345450073905908 -0.8206882384794729 -0.24830669944706713
-0.14381748962139013 -0.8772478779333193 -0.2786930159450374
-0.15392997223018512 -0.9389312930211291 -0.2960479567624578
-0.16440960676940572 -1.0028542358095887 -0.2995600241553371
-0.17476637717527516 -1.0660277405391572 -0.2890649977557669
-0.18451601237433857 -1.125497884340988 -0.26505361333380684
-0.19320263026062903 -1.178483909387225 -0.22864861653829086
-0.20042005423626588 -1.222508248036443 -0.18155226455812948
-0.205830805577739 -1.2555123711429432 -0.12596673046807946
-0.2091818835659393 -1.2759530425917134 -0.06449113206330731
-0.2103165955185942 -1.2828744793039841 -7.347880794884119e-17
0.07038058116104286 -1.298093438006461 0.0
0.07000085988188601 -1.2910898911102362 0.06449113206330721
0.06887945138939897 -1.270406728490546 0.12596673046807938
0.06706879149833439 -1.237011071843803 0.18155226455812953
0.06465354465279453 -1.1924644649582021 0.22864861653829094
0.06174664511092276 -1.1388498576617168 0.2650536133338069
0.05848401626451022 -1.0786742094031745 0.2890649977557669
0.05501821501226365 -1.0147512666147152 0.2995600241553371
0.05151129836877664 -0.9500699950558789 0.2960479567624578
0.04812724585864076 -0.8876548190966871 0.2786930159450374
0.04502429201612575 -0.8304242029955058 0.24830669944706715
0.04234752751422209 -0.7810541867539649 0.20630983765602695
0.04022211488602873 -0.7418532574606869 0.15466615715310647
0.03874743606381354 -0.7146544070007218 0.09579045904079393
0.03799244539031549 -0.7007294233922263 0.03243570552718258
0.03799244539031549 -0.7007294233922263 -0.0324357055271825
0.03874743606381354 -0.7146544070007218 -0.09579045904079399
0.04022211488602873 -0.7418532574606869 -0.15466615715310655
0.04234752751422209 -0.7810541867539649 -0.20630983765602703
0.04502429201612575 -0.8304242029955057 -0.24830669944706713
0.04812724585864076 -0.8876548190966871 -0.2786930159450374
0.05151129836877664 -0.9500699950558789 -0.2960479567624578
0.05501821501226365 -1.0147512666147152 -0.2995600241553371
0.05848401626451022 -1.0786742094031745 -0.2890649977557669
0.06174664511092276 -1.1388498576617168 -0.26505361333380684
0.06465354465279453 -1.1924644649582021 -0.22864861653829086
0.06706879149833439 -1.237011071843803 -0.18155226455812948
0.06887945138939897 -1.270406728490546 -0.12596673046807946
0.07000085988188601 -1.2910898911102362 -0.06449113206330731
0.07038058116104286 -1.298093438006461 -7.347880794884119e-17
0.34778684008798727 -1.25261499027499 0.0
0.3459104409220022 -1.2458568112637949 0.06449113206330721
0.34036898176358044 -1.2258982791695974 0.12596673046807938
0.33142157508408043 -1.1936726327708065 0.18155226455812953
0.31948659167550725 -1.1506867074767964 0.22864861653829094
0.30512209809726437 -1.09895047737889 0.2650536133338069
0.2889997621040826 -1.0408830710957762 0.2890649977557669
0.27187344620831366 -0.9791996560079664 0.2995600241553371
0.2545439579067106 -0.9167844800487744 0.2960479567624578
0.23782160481191356 -0.8565560074765668 0.2786930159450374
0.22248830556907476 -0.8013304547296805 0.24830669944706715
0.2092610282090511 -0.7536901072757662 0.20630983765602695
0.19875826552013443 -0.715862574813326 0.15466615715310647
0.19147111501267622 -0.6896166307180208 0.09579045904079393
0.18774031574531908 -0.6761795061654753 0.03243570552718258
0.18774031574531908 -0.6761795061654753 -0.0324357055271825
0.19147111501267622 -0.6896166307180208 -0.09579045904079399
0.19875826552013443 -0.715862574813326 -0.15466615715310655
0.2092610282090511 -0.7536901072757662 -0.20630983765602703
0.2224883055690747 -0.8013304547296803 -0.24830669944706713
0.23782160481191356 -0.8565560074765668 -0.2786930159450374
0.2545439579067106 -0.9167844800487744 -0.2960479567624578
0.27187344620831366 -0.9791996560079664 -0.2995600241553371
0.2889997621040826 -1.0408830710957762 -0.2890649977557669
0.30512209809726437 -1.09895047737889 -0.26505361333380684
0.31948659167550725 -1.1506867074767964 -0.22864861653829086
0.33142157508408043 -1.1936726327708065 -0.18155226455812948
0.34036898176358044 -1.2258982791695974 -0.12596673046807946
0.3459104409220022 -1.2458568112637949 -0.06449113206330731
0.34778684008798727 -1.25261499027499 -7.347880794884119e-17
0.6089309729097274 -1.1485656577798298 0.0
0.6056456341964477 -1.1423688515930517 0.06449113206330721
0.5959432368434495 -1.1240681888027562 0.12596673046807938
0.5802774541675192 -1.0945193880612913 0.18155226455812953
0.5593808007553163 -1.0551041184501952 0.22864861653829094
0.534230380895433 -1.0076653941695564 0.2650536133338069
0.5060022002678337 -0.9544213972423827 0.2890649977557669
0.47601617722529554 -0.8978617577885365 0.2995600241553371
0.4456744248782165 -0.840631141687355 0.2960479567624578
0.4163956898439105 -0.7854055889404686 0.2786930159450374
0.3895490132316049 -0.7347673850155282 0.24830669944706715
0.36638971580175306 -0.6910843160477425 0.20630983765602695
0.3480007005624645 -0.656398953791801 0.15466615715310647
0.335241817428406 -0.6323331472367805 0.09579045904079393
0.32870965759444576 -0.6200121867499706 0.03243570552718258
0.32870965759444576 -0.6200121867499706 -0.0324357055271825
0.335241817428406 -0.6323331472367805 -0.09579045904079399
0.3480007005624645 -0.656398953791801 -0.15466615715310655
0.36638971580175306 -0.6910843160477425 -0.20630983765602703
0.38954901323160485 -0.7347673850155281 -0.24830669944706713
0.4163956898439105 -0.7854055889404686 -0.2786930159450374
0.4456744248782165 -0.840631141687355 -0.2960479567624578
0.47601617722529554 -0.8978617577885365 -0.2995600241553371
0.5060022002678337 -0.9544213972423827 -0.2890649977557669
0.534230380895433 -1.0076653941695564 -0.26505361333380684
0.5593808007553163 -1.0551041184501952 -0.22864861653829086
0.5802774541675192 -1.0945193880612913 -0.18155226455812948
0.5959432368434495 -1.1240681888027562 -0.12596673046807946
0.6056456341964477 -1.1423688515930517 -0.06449113206330731
0.6089309729097274 -1.1485656577798298 -7.347880794884119e-17
0.8416021702163763 -0.9908106716659272 0.0
0.8370615107426431 -0.9854649940736044 0.06449113206330721
0.8236518485118547 -0.9696779192395593 0.12596673046807938
0.8020002044261536 -0.9441876332369584 0.18155226455812953
0.7731189852989133 -0.9101860335088652 0.22864861653829094
0.7383586448373538 -0.8692629970685013 0.2650536133338069
0.6993445379281141 -0.8233320396171301 0.2890649977557669
0.6579009208492049 -0.774540841676585 0.2995600241553371
0.6159656510739636 -0.725170825435044 0.2960479567624578
0.575499575209376 -0.6775304779811298 0.2786930159450374
0.5383948419880571 -0.6338474090133441 0.24830669944706715
0.5063864274964865 -0.5961641902863765 0.20630983765602695
0.4809710096214928 -0.5662428472260104 0.15466615715310647
0.46333698505570237 -0.5454824685785644 0.09579045904079393
0.45430890118900086 -0.5348537865760893 0.03243570552718258
0.45430890118900086 -0.5348537865760893 -0.0324357055271825
0.46333698505570237 -0.5454824685785644 -0.09579045904079399
0.4809710096214928 -0.5662428472260104 -0.15466615715310655
0.5063864274964865 -0.5961641902863765 -0.20630983765602703
0.538394841988057 -0.633847409013344 -0.24830669944706713
0.575499575209376 -0.6775304779811298 -0.2786930159450374
0.6159656510739636 -0.725170825435044 -0.2960479567624578
0.6579009208492049 -0.774540841676585 -0.2995600241553371
0.6993445379281141 -0.8233320396171301 -0.2890649977557669
0.7383586448373538 -0.8692629970685013 -0.26505361333380684
0.7731189852989133 -0.9101860335088652 -0.22864861653829086
0.8020002044261536 -0.9441876332369584 -0.18155226455812948
0.8236518485118547 -0.9696779192395593 -0.12596673046807946
0.8370615107426431 -0.9854649940736044 -0.06449113206330731
0.8416021702163763 -0.9908106716659272 -7.347880794884119e-17
1.0349209854173371 -0.7867264797518944 0.0
1.0293373213735617 -0.78248188869695 0.06449113206330721
1.0128474151671256 -0.7699465878923218 0.12596673046807938
0.9862223164850272 -0.7497067140716484 0.18155226455812953
0.9507069853499697 -0.7227086612397798 0.22864861653829094
0.9079620791733729 -0.6902148283409542 0.2650536133338069
0.8599863022605034 -0.6537445908872188 0.2890649977557669
0.8090229486185608 -0.615003256648153 0.2995600241553371
0.7574550080221428 -0.5758023273548749 0.2960479567624578
0.7076937400598886 -0.5379747948924347 0.2786930159450374
0.6620659263160362 -0.5032894326364934 0.24830669944706715
0.6227050726495753 -0.4733680895761273 0.20630983765602695
0.5914516488315028 -0.449609854457655 0.15466615715310647
0.5697670302238662 -0.43312563594983444 0.09579045904079393
0.5586651654920359 -0.42468621778919824 0.03243570552718258
0.5586651654920359 -0.42468621778919824 -0.0324357055271825
0.5697670302238662 -0.43312563594983444 -0.09579045904079399
0.5914516488315028 -0.449609854457655 -0.15466615715310655
0.6227050726495753 -0.4733680895761273 -0.20630983765602703
0.6620659263160361 -0.5032894326364933 -0.24830669944706713
0.7076937400598886 -0.5379747948924347 -0.2786930159450374
0.7574550080221428 -0.5758023273548749 -0.2960479567624578
0.8090229486185608 -0.615003256648153 -0.2995600241553371
0.8599863022605034 -0.6537445908872188 -0.2890649977557669
0.9079620791733729 -0.6902148283409542 -0.26505361333380684
0.9507069853499697 -0.7227086612397798 -0.22864861653829086
0.9862223164850272 -0.7497067140716484 -0.18155226455812948
1.0128474151671256 -0.7699465878923218 -0.12596673046807946
1.0293373213735617 -0.78248188869695 -0.06449113206330731
1.0349209854173371 -0.7867264797518944 -7.347880794884119e-17
1.179848045572244 -0.5458558320283444 0.0
1.1734824628833165 -0.5429107998709835 0.06449113206330721
1.1546833623882309 -0.5342134098294105 0.12596673046807938
1.1243297691324383 -0.5201703421955148 0.18155226455812953
1.0838409834009837 -0.5014382352041088 0.22864861653829094
1.0351102158146162 -0.47889298135886876 0.2650536133338069
0.9804160629053164 -0.4535887716723484 0.2890649977557669
0.9223159624749384 -0.42670880286588025 0.2995600241553371
0.8635266106459827 -0.399509952405915 0.2960479567624578
0.8067969321702999 -0.3732640083106098 0.2786930159450374
0.7547795437629039 -0.34919820175558924 0.24830669944706715
0.7099067206925495 -0.3284378231081431 0.20630983765602695
0.6742766662934456 -0.3119536046003225 0.15466615715310647
0.6495554023093334 -0.3005163299686601 0.09579045904079393
0.6368988675683982 -0.2946607934633146 0.03243570552718258
0.6368988675683982 -0.2946607934633146 -0.0324357055271825
0.6495554023093334 -0.3005163299686601 -0.09579045904079399
0.6742766662934456 -0.3119536046003225 -0.15466615715310655
0.7099067206925495 -0.3284378231081431 -0.20630983765602703
0.7547795437629038 -0.3491982017555892 -0.24830669944706713
0.8067969321702999 -0.3732640083106098 -0.2786930159450374
0.8635266106459827 -0.399509952405915 -0.2960479567624578
0.9223159624749384 -0.42670880286588025 -0.2995600241553371
0.9804160629053164 -0.4535887716723484 -0.2890649977557669
1.0351102158146162 -0.47889298135886876 -0.26505361333380684
1.0838409834009837 -0.5014382352041088 -0.22864861653829086
1.1243297691324383 -0.5201703421955148 -0.18155226455812948
1.1546833623882309 -0.5342134098294105 -0.12596673046807946
1.1734824628833165 -0.5429107998709835 -0.06449113206330731
1.179848045572244 -0.5458558320283444 -7.347880794884119e-17
1.2696067224231127 -0.2794615722743317 0.0
1.2627568686607302 -0.27795380544506415 0.06449113206330721
1.2425275989224462 -0.2735010064584356 0.12596673046807938
1.2098648113780044 -0.26631138324613024 0.18155226455812953
1.1662957816709019 -0.2567211145988631 0.22864861653829094
1.1138577492067439 -0.2451786308197624 0.2650536133338069
1.0550026581028678 -0.23222364562178954 0.2890649977557669
0.9924825070065552 -0.21846191971436987 0.2995600241553371
0.9292206686969121 -0.20453693610587448 0.2960479567624578
0.8681751964228146 -0.191099811553329 0.2786930159450374
0.81220050862063 -0.1787788510665191 0.24830669944706715
0.763913919480591 -0.16815016906404398 0.20630983765602695
0.7255732562441967 -0.1597107509034078 0.15466615715310647
0.6989712857117945 -0.15385521439806232 0.09579045904079393
0.6853518864595124 -0.15085735792703603 0.03243570552718258
0.6853518864595124 -0.15085735792703603 -0.0324357055271825
0.6989712857117945 -0.15385521439806232 -0.09579045904079399
0.7255732562441967 -0.1597107509034078 -0.15466615715310655
0.763913919480591 -0.16815016906404398 -0.20630983765602703
0.8122005086206299 -0.17877885106651908 -0.24830669944706713
0.8681751964228146 -0.191099811553329 -0.2786930159450374
0.9292206686969121 -0.20453693610587448 -0.2960479567624578
0.9924825070065552 -0.21846191971436987 -0.2995600241553371
1.0550026581028678 -0.23222364562178954 -0.2890649977557669
1.1138577492067439 -0.2451786308197624 -0.26505361333380684
1.1662957816709019 -0.2567211145988631 -0.22864861653829086
1.2098648113780044 -0.26631138324613024 -0.18155226455812948
1.2425275989224462 -0.2735010064584356 -0.12596673046807946
1.2627568686607302 -0.27795380544506415 -0.06449113206330731
1.2696067224231127 -0.2794615722743317 -7.347880794884119e-17
1.3 -3.1840816777831187e-16 0.0
1.292986166713026 -3.1669027408138264e-16 0.06449113206330721
1.272272625901287 -3.1161691979056185e-16 0.12596673046807938
1.2388279197116931 -3.0342532931385986e-16 0.18155226455812953
1.1942158854345484 -2.924985323176684e-16 0.22864861653829094
1.140522532209937 -2.7934745368526667e-16 0.2650536133338069
1.0802585015587662 -2.645870232371318e-16 0.2890649977557669
1.0162416725756254 -2.4890742229597844e-16 0.2995600241553371
0.9514654010341705 -2.3304181157518997e-16 0.2960479567624578
0.8889585533980257 -2.177320493987107e-16 0.2786930159450374
0.8316438803912853 -2.0369400323033436e-16 0.24830669944706715
0.7822013524230608 -1.9158407650672643e-16 0.20630983765602695
0.7429428471497233 -1.8196851594226597e-16 0.15466615715310647
0.7157040486451594 -1.752969344620192e-16 0.09579045904079393
0.7017586128536921 -1.7188128780107215e-16 0.03243570552718258
0.7017586128536921 -1.7188128780107215e-16 -0.0324357055271825
0.7157040486451594 -1.752969344620192e-16 -0.09579045904079399
0.7429428471497233 -1.8196851594226597e-16 -0.15466615715310655
0.7822013524230608 -1.9158407650672643e-16 -0.20630983765602703
0.8316438803912852 -2.0369400323033434e-16 -0.24830669944706713
0.8889585533980257 -2.177320493987107e-16 -0.2786930159450374
0.9514654010341705 -2.3304181157518997e-16 -0.2960479567624578
1.0162416725756254 -2.4890742229597844e-16 -0.2995600241553371
1.0802585015587662 -2.645870232371318e-16 -0.2890649977557669
1.140522532209937 -2.7934745368526667e-16 -0.26505361333380684
1.1942158854345484 -2.924985323176684e-16 -0.22864861653829086
1.2388279197116931 -3.0342532931385986e-16 -0.18155226455812948
1.272272625901287 -3.1161691979056185e-16 -0.12596673046807946
1.292986166713026 -3.1669027408138264e-16 -0.06449113206330731
1.3 -3.1840816777831187e-16 -7.347880794884119e-17
