0 1 31
0 31 30
1 2 32
1 32 31
2 3 33
2 33 32
3 4 34
3 34 33
4 5 35
4 35 34
5 6 36
5 36 35
6 7 37
6 37 36
7 8 38
7 38 37
8 9 39
8 39 38
9 10 40
9 40 39
10 11 41
10 41 40
11 12 42
11 42 41
12 13 43
12 43 42
13 14 44
13 44 43
14 15 45
14 45 44
15 16 46
15 46 45
16 17 47
16 47 46
17 18 48
17 48 47
18 19 49
18 49 48
19 20 50
19 50 49
20 21 51
20 51 50
21 22 52
21 52 51
22 23 53
22 53 52
23 24 54
23 54 53
24 25 55
24 55 54
25 26 56
25 56 55
26 27 57
26 57 56
27 28 58
27 58 57
28 29 59
28 59 58
30 31 61
30 61 60
31 32 62
31 62 61
32 33 63
32 63 62
33 34 64
33 64 63
34 35 65
34 65 64
35 36 66
35 66 65
36 37 67
36 67 66
37 38 68
37 68 67
38 39 69
38 69 68
39 40 70
39 70 69
40 41 71
40 71 70
41 42 72
41 72 71
42 43 73
42 73 72
43 44 74
43 74 73
44 45 75
44 75 74
45 46 76
45 76 75
46 47 77
46 77 76
47 48 78
47 78 77
48 49 79
48 79 78
49 50 80
49 80 79
50 51 81
50 81 80
51 52 82
51 82 81
52 53 83
52 83 82
53 54 84
53 84 83
54 55 85
54 85 84
55 56 86
55 86 85
56 57 87
56 87 86
57 58 88
57 88 87
58 59 89
58 89 88
60 61 91
60 91 90
61 62 92
61 92 91
62 63 93
62 93 92
63 64 94
63 94 93
64 65 95
64 95 94
65 66 96
65 96 95
66 67 97
66 97 96
67 68 98
67 98 97
68 69 99
68 99 98
69 70 100
69 100 99
70 71 101
70 101 100
71 72 102
71 102 101
72 73 103
72 103 102
73 74 104
73 104 103
74 75 105
74 105 104
75 76 106
75 106 105
76 77 107
76 107 106
77 78 108
77 108 107
78 79 109
78 109 108
79 80 110
79 110 109
80 81 111
80 111 110
81 82 112
81 112 111
82 83 113
82 113 112
83 84 114
83 114 113
84 85 115
84 115 114
85 86 116
85 116 115
86 87 117
86 117 116
87 88 118
87 118 117
88 89 119
88 119 118
90 91 121
90 121 120
91 92 122
91 122 121
92 93 123
92 123 122
93 94 124
93 124 123
94 95 125
94 125 124
95 96 126
95 126 125
96 97 127
96 127 126
97 98 128
97 128 127
98 99 129
98 129 128
99 100 130
99 130 129
100 101 131
100 131 130
101 102 132
101 132 131
102 103 133
102 133 132
103 104 134
103 134 133
104 105 135
104 135 134
105 106 136
105 136 135
106 107 137
106 137 136
107 108 138
107 138 137
108 109 139
108 139 138
109 110 140
109 140 139
110 111 141
110 141 140
111 112 142
111 142 141
112 113 143
112 143 142
113 114 144
113 144 143
114 115 145
114 145 144
115 116 146
115 146 145
116 117 147
116 147 146
117 118 148
117 148 147
118 119 149
118 149 148
120 121 151
120 151 150
121 122 152
121 152 151
122 123 153
122 153 152
123 124 154
123 154 153
124 125 155
124 155 154
125 126 156
125 156 155
126 127 157
126 157 156
127 128 158
127 158 157
128 129 159
128 159 158
129 130 160
129 160 159
130 131 161
130 161 160
131 132 162
131 162 161
132 133 163
132 163 162
133 134 164
133 164 163
134 135 165
134 165 164
135 136 166
135 166 165
136 137 167
136 167 166
137 138 168
137 168 167
138 139 169
138 169 168
139 140 170
139 170 169
140 141 171
140 171 170
141 142 172
141 172 171
142 143 173
142 173 172
143 144 174
143 174 173
144 145 175
144 175 174
145 146 176
145 176 175
146 147 177
146 177 176
147 148 178
147 178 177
148 149 179
148 179 178
150 151 181
150 181 180
151 152 182
151 182 181
152 153 183
152 183 182
153 154 184
153 184 183
154 155 185
154 185 184
155 156 186
155 186 185
156 157 187
156 187 186
157 158 188
157 188 187
158 159 189
158 189 188
159 160 190
159 190 189
160 161 191
160 191 190
161 162 192
161 192 191
162 163 193
162 193 192
163 164 194
163 194 193
164 165 195
164 195 194
165 166 196
165 196 195
166 167 197
166 197 196
167 168 198
167 198 197
168 169 199
168 199 198
169 170 200
169 200 199
170 171 201
170 201 200
171 172 202
171 202 201
172 173 203
172 203 202
173 174 204
173 204 203
174 175 205
174 205 204
175 176 206
175 206 205
176 177 207
176 207 206
177 178 208
177 208 207
178 179 209
178 209 208
180 181 211
180 211 210
181 182 212
181 212 211
182 183 213
182 213 212
183 184 214
183 214 213
184 185 215
184 215 214
185 186 216
185 216 215
186 187 217
186 217 216
187 188 218
187 218 217
188 189 219
188 219 218
189 190 220
189 220 219
190 191 221
190 221 220
191 192 222
191 222 221
192 193 223
192 223 222
193 194 224
193 224 223
194 195 225
194 225 224
195 196 226
195 226 225
196 197 227
196 227 226
197 198 228
197 228 227
198 199 229
198 229 228
199 200 230
199 230 229
200 201 231
200 231 230
201 202 232
201 232 231
202 203 233
202 233 232
203 204 234
203 234 233
204 205 235
204 235 234
205 206 236
205 236 235
206 207 237
206 237 236
207 208 238
207 238 237
208 209 239
208 239 238
210 211 241
210 241 240
211 212 242
211 242 241
212 213 243
212 243 242
213 214 244
213 244 243
214 215 245
214 245 244
215 216 246
215 246 245
216 217 247
216 247 246
217 218 248
217 248 247
218 219 249
218 249 248
219 220 250
219 250 249
220 221 251
220 251 250
221 222 252
221 252 251
222 223 253
222 253 252
223 224 254
223 254 253
224 225 255
224 255 254
225 226 256
225 256 255
226 227 257
226 257 256
227 228 258
227 258 257
228 229 259
228 259 258
229 230 260
229 260 259
230 231 261
230 261 260
231 232 262
231 262 261
232 233 263
232 263 262
233 234 264
233 264 263
234 235 265
234 265 264
235 236 266
235 266 265
236 237 267
236 267 266
237 238 268
237 268 267
238 239 269
238 269 268
240 241 271
240 271 270
241 242 272
241 272 271
242 243 273
242 273 272
243 244 274
243 274 273
244 245 275
244 275 274
245 246 276
245 276 275
246 247 277
246 277 276
247 248 278
247 278 277
248 249 279
248 279 278
249 250 280
249 280 279
250 251 281
250 281 280
251 252 282
251 282 281
252 253 283
252 283 282
253 254 284
253 284 283
254 255 285
254 285 284
255 256 286
255 286 285
256 257 287
256 287 286
257 258 288
257 288 287
258 259 289
258 289 288
259 260 290
259 290 289
260 261 291
260 291 290
261 262 292
261 292 291
262 263 293
262 293 292
263 264 294
263 294 293
264 265 295
264 295 294
265 266 296
265 296 295
266 267 297
266 297 296
267 268 298
267 298 297
268 269 299
268 299 298
270 271 301
270 301 300
271 272 302
271 302 301
272 273 303
272 303 302
273 274 304
273 304 303
274 275 305
274 305 304
275 276 306
275 306 305
276 277 307
276 307 306
277 278 308
277 308 307
278 279 309
278 309 308
279 280 310
279 310 309
280 281 311
280 311 310
281 282 312
281 312 311
282 283 313
282 313 312
283 284 314
283 314 313
284 285 315
284 315 314
285 286 316
285 316 315
286 287 317
286 317 316
287 288 318
287 318 317
288 289 319
288 319 318
289 290 320
289 320 319
290 291 321
290 321 320
291 292 322
291 322 321
292 293 323
292 323 322
293 294 324
293 324 323
294 295 325
294 325 324
295 296 326
295 326 325
296 297 327
296 327 326
297 298 328
297 328 327
298 299 329
298 329 328
300 301 331
300 331 330
301 302 332
301 332 331
302 303 333
302 333 332
303 304 334
303 334 333
304 305 335
304 335 334
305 306 336
305 336 335
306 307 337
306 337 336
307 308 338
307 338 337
308 309 339
308 339 338
309 310 340
309 340 339
310 311 341
310 341 340
311 312 342
311 342 341
312 313 343
312 343 342
313 314 344
313 344 343
314 315 345
314 345 344
315 316 346
315 346 345
316 317 347
316 347 346
317 318 348
317 348 347
318 319 349
318 349 348
319 320 350
319 350 349
320 321 351
320 351 350
321 322 352
321 352 351
322 323 353
322 353 352
323 324 354
323 354 353
324 325 355
324 355 354
325 326 356
325 356 355
326 327 357
326 357 356
327 328 358
327 358 357
328 329 359
328 359 358
330 331 361
330 361 360
331 332 362
331 362 361
332 333 363
332 363 362
333 334 364
333 364 363
334 335 365
334 365 364
335 336 366
335 366 365
336 337 367
336 367 366
337 338 368
337 368 367
338 339 369
338 369 368
339 340 370
339 370 369
340 341 371
340 371 370
341 342 372
341 372 371
342 343 373
342 373 372
343 344 374
343 374 373
344 345 375
344 375 374
345 346 376
345 376 375
346 347 377
346 377 376
347 348 378
347 378 377
348 349 379
348 379 378
349 350 380
349 380 379
350 351 381
350 381 380
351 352 382
351 382 381
352 353 383
352 383 382
353 354 384
353 384 383
354 355 385
354 385 384
355 356 386
355 386 385
356 357 387
356 387 386
357 358 388
357 388 387
358 359 389
358 389 388
360 361 391
360 391 390
361 362 392
361 392 391
362 363 393
362 393 392
363 364 394
363 394 393
364 365 395
364 395 394
365 366 396
365 396 395
366 367 397
366 397 396
367 368 398
367 398 397
368 369 399
368 399 398
369 370 400
369 400 399
370 371 401
370 401 400
371 372 402
371 402 401
372 373 403
372 403 402
373 374 404
373 404 403
374 375 405
374 405 404
375 376 406
375 406 405
376 377 407
376 407 406
377 378 408
377 408 407
378 379 409
378 409 408
379 380 410
379 410 409
380 381 411
380 411 410
381 382 412
381 412 411
382 383 413
382 413 412
383 384 414
383 414 413
384 385 415
384 415 414
385 386 416
385 416 415
386 387 417
386 417 416
387 388 418
387 418 417
388 389 419
388 419 418
390 391 421
390 421 420
391 392 422
391 422 421
392 393 423
392 423 422
393 394 424
393 424 423
394 395 425
394 425 424
395 396 426
395 426 425
396 397 427
396 427 426
397 398 428
397 428 427
398 399 429
398 429 428
399 400 430
399 430 429
400 401 431
400 431 430
401 402 432
401 432 431
402 403 433
402 433 432
403 404 434
403 434 433
404 405 435
404 435 434
405 406 436
405 436 435
406 407 437
406 437 436
407 408 438
407 438 437
408 409 439
408 439 438
409 410 440
409 440 439
410 411 441
410 441 440
411 412 442
411 442 441
412 413 443
412 443 442
413 414 444
413 444 443
414 415 445
414 445 444
415 416 446
415 446 445
416 417 447
416 447 446
417 418 448
417 448 447
418 419 449
418 449 448
420 421 451
420 451 450
421 422 452
421 452 451
422 423 453
422 453 452
423 424 454
423 454 453
424 425 455
424 455 454
425 426 456
425 456 455
426 427 457
426 457 456
427 428 458
427 458 457
428 429 459
428 459 458
429 430 460
429 460 459
430 431 461
430 461 460
431 432 462
431 462 461
432 433 463
432 463 462
433 434 464
433 464 463
434 435 465
434 465 464
435 436 466
435 466 465
436 437 467
436 467 466
437 438 468
437 468 467
438 439 469
438 469 468
439 440 470
439 470 469
440 441 471
440 471 470
441 442 472
441 472 471
442 443 473
442 473 472
443 444 474
443 474 473
444 445 475
444 475 474
445 446 476
445 476 475
446 447 477
446 477 476
447 448 478
447 478 477
448 449 479
448 479 478
450 451 481
450 481 480
451 452 482
451 482 481
452 453 483
452 483 482
453 454 484
453 484 483
454 455 485
454 485 484
455 456 486
455 486 485
456 457 487
456 487 486
457 458 488
457 488 487
458 459 489
458 489 488
459 460 490
459 490 489
460 461 491
460 491 490
461 462 492
461 492 491
462 463 493
462 493 492
463 464 494
463 494 493
464 465 495
464 495 494
465 466 496
465 496 495
466 467 497
466 497 496
467 468 498
467 498 497
468 469 499
468 499 498
469 470 500
469 500 499
470 471 501
470 501 500
471 472 502
471 502 501
472 473 503
472 503 502
473 474 504
473 504 503
474 475 505
474 505 504
475 476 506
475 506 505
476 477 507
476 507 506
477 478 508
477 508 507
478 479 509
478 509 508
480 481 511
480 511 510
481 482 512
481 512 511
482 483 513
482 513 512
483 484 514
483 514 513
484 485 515
484 515 514
485 486 516
485 516 515
486 487 517
486 517 516
487 488 518
487 518 517
488 489 519
488 519 518
489 490 520
489 520 519
490 491 521
490 521 520
491 492 522
491 522 521
492 493 523
492 523 522
493 494 524
493 524 523
494 495 525
494 525 524
495 496 526
495 526 525
496 497 527
496 527 526
497 498 528
497 528 527
498 499 529
498 529 528
499 500 530
499 530 529
500 501 531
500 531 530
501 502 532
501 532 531
502 503 533
502 533 532
503 504 534
503 534 533
504 505 535
504 535 534
505 506 536
505 536 535
506 507 537
506 537 536
507 508 538
507 538 537
508 509 539
508 539 538
510 511 541
510 541 540
511 512 542
511 542 541
512 513 543
512 543 542
513 514 544
513 544 543
514 515 545
514 545 544
515 516 546
515 546 545
516 517 547
516 547 546
517 518 548
517 548 547
518 519 549
518 549 548
519 520 550
519 550 549
520 521 551
520 551 550
521 522 552
521 552 551
522 523 553
522 553 552
523 524 554
523 554 553
524 525 555
524 555 554
525 526 556
525 556 555
526 527 557
526 557 556
527 528 558
527 558 557
528 529 559
528 559 558
529 530 560
529 560 559
530 531 561
530 561 560
531 532 562
531 562 561
532 533 563
532 563 562
533 534 564
533 564 563
534 535 565
534 565 564
535 536 566
535 566 565
536 537 567
536 567 566
537 538 568
537 568 567
538 539 569
538 569 568
540 541 571
540 571 570
541 542 572
541 572 571
542 543 573
542 573 572
543 544 574
543 574 573
544 545 575
544 575 574
545 546 576
545 576 575
546 547 577
546 577 576
547 548 578
547 578 577
548 549 579
548 579 578
549 550 580
549 580 579
550 551 581
550 581 580
551 552 582
551 582 581
552 553 583
552 583 582
553 554 584
553 584 583
554 555 585
554 585 584
555 556 586
555 586 585
556 557 587
556 587 586
557 558 588
557 588 587
558 559 589
558 589 588
559 560 590
559 590 589
560 561 591
560 591 590
561 562 592
561 592 591
562 563 593
562 593 592
563 564 594
563 594 593
564 565 595
564 595 594
565 566 596
565 596 595
566 567 597
566 597 596
567 568 598
567 598 597
568 569 599
568 599 598
570 571 601
570 601 600
571 572 602
571 602 601
572 573 603
572 603 602
573 574 604
573 604 603
574 575 605
574 605 604
575 576 606
575 606 605
576 577 607
576 607 606
577 578 608
577 608 607
578 579 609
578 609 608
579 580 610
579 610 609
580 581 611
580 611 610
581 582 612
581 612 611
582 583 613
582 613 612
583 584 614
583 614 613
584 585 615
584 615 614
585 586 616
585 616 615
586 587 617
586 617 616
587 588 618
587 618 617
588 589 619
588 619 618
589 590 620
589 620 619
590 591 621
590 621 620
591 592 622
591 622 621
592 593 623
592 623 622
593 594 624
593 624 623
594 595 625
594 625 624
595 596 626
595 626 625
596 597 627
596 627 626
597 598 628
597 628 627
598 599 629
598 629 628
600 601 631
600 631 630
601 602 632
601 632 631
602 603 633
602 633 632
603 604 634
603 634 633
604 605 635
604 635 634
605 606 636
605 636 635
606 607 637
606 637 636
607 608 638
607 638 637
608 609 639
608 639 638
609 610 640
609 640 639
610 611 641
610 641 640
611 612 642
611 642 641
612 613 643
612 643 642
613 614 644
613 644 643
614 615 645
614 645 644
615 616 646
615 646 645
616 617 647
616 647 646
617 618 648
617 648 647
618 619 649
618 649 648
619 620 650
619 650 649
620 621 651
620 651 650
621 622 652
621 652 651
622 623 653
622 653 652
623 624 654
623 654 653
624 625 655
624 655 654
625 626 656
625 656 655
626 627 657
626 657 656
627 628 658
627 658 657
628 629 659
628 659 658
630 631 661
630 661 660
631 632 662
631 662 661
632 633 663
632 663 662
633 634 664
633 664 663
634 635 665
634 665 664
635 636 666
635 666 665
636 637 667
636 667 666
637 638 668
637 668 667
638 639 669
638 669 668
639 640 670
639 670 669
640 641 671
640 671 670
641 642 672
641 672 671
642 643 673
642 673 672
643 644 674
643 674 673
644 645 675
644 675 674
645 646 676
645 676 675
646 647 677
646 677 676
647 648 678
647 678 677
648 649 679
648 679 678
649 650 680
649 680 679
650 651 681
650 681 680
651 652 682
651 682 681
652 653 683
652 683 682
653 654 684
653 684 683
654 655 685
654 685 684
655 656 686
655 686 685
656 657 687
656 687 686
657 658 688
657 688 687
658 659 689
658 689 688
660 661 691
660 691 690
661 662 692
661 692 691
662 663 693
662 693 692
663 664 694
663 694 693
664 665 695
664 695 694
665 666 696
665 696 695
666 667 697
666 697 696
667 668 698
667 698 697
668 669 699
668 699 698
669 670 700
669 700 699
670 671 701
670 701 700
671 672 702
671 702 701
672 673 703
672 703 702
673 674 704
673 704 703
674 675 705
674 705 704
675 676 706
675 706 705
676 677 707
676 707 706
677 678 708
677 708 707
678 679 709
678 709 708
679 680 710
679 710 709
680 681 711
680 711 710
681 682 712
681 712 711
682 683 713
682 713 712
683 684 714
683 714 713
684 685 715
684 715 714
685 686 716
685 716 715
686 687 717
686 717 716
687 688 718
687 718 717
688 689 719
688 719 718
690 691 721
690 721 720
691 692 722
691 722 721
692 693 723
692 723 722
693 694 724
693 724 723
694 695 725
694 725 724
695 696 726
695 726 725
696 697 727
696 727 726
697 698 728
697 728 727
698 699 729
698 729 728
699 700 730
699 730 729
700 701 731
700 731 730
701 702 732
701 732 731
702 703 733
702 733 732
703 704 734
703 734 733
704 705 735
704 735 734
705 706 736
705 736 735
706 707 737
706 737 736
707 708 738
707 738 737
708 709 739
708 739 738
709 710 740
709 740 739
710 711 741
710 741 740
711 712 742
711 742 741
712 713 743
712 743 742
713 714 744
713 744 743
714 715 745
714 745 744
715 716 746
715 746 745
716 717 747
716 747 746
717 718 748
717 748 747
718 719 749
718 749 748
720 721 751
720 751 750
721 722 752
721 752 751
722 723 753
722 753 752
723 724 754
723 754 753
724 725 755
724 755 754
725 726 756
725 756 755
726 727 757
726 757 756
727 728 758
727 758 757
728 729 759
728 759 758
729 730 760
729 760 759
730 731 761
730 761 760
731 732 762
731 762 761
732 733 763
732 763 762
733 734 764
733 764 763
734 735 765
734 765 764
735 736 766
735 766 765
736 737 767
736 767 766
737 738 768
737 768 767
738 739 769
738 769 768
739 740 770
739 770 769
740 741 771
740 771 770
741 742 772
741 772 771
742 743 773
742 773 772
743 744 774
743 774 773
744 745 775
744 775 774
745 746 776
745 776 775
746 747 777
746 777 776
747 748 778
747 778 777
748 749 779
748 779 778
750 751 781
750 781 780
751 752 782
751 782 781
752 753 783
752 783 782
753 754 784
753 784 783
754 755 785
754 785 784
755 756 786
755 786 785
756 757 787
756 787 786
757 758 788
757 788 787
758 759 789
758 789 788
759 760 790
759 790 789
760 761 791
760 791 790
761 762 792
761 792 791
762 763 793
762 793 792
763 764 794
763 794 793
764 765 795
764 795 794
765 766 796
765 796 795
766 767 797
766 797 796
767 768 798
767 798 797
768 769 799
768 799 798
769 770 800
769 800 799
770 771 801
770 801 800
771 772 802
771 802 801
772 773 803
772 803 802
773 774 804
773 804 803
774 775 805
774 805 804
775 776 806
775 806 805
776 777 807
776 807 806
777 778 808
777 808 807
778 779 809
778 809 808
780 781 811
780 811 810
781 782 812
781 812 811
782 783 813
782 813 812
783 784 814
783 814 813
784 785 815
784 815 814
785 786 816
785 816 815
786 787 817
786 817 816
787 788 818
787 818 817
788 789 819
788 819 818
789 790 820
789 820 819
790 791 821
790 821 820
791 792 822
791 822 821
792 793 823
792 823 822
793 794 824
793 824 823
794 795 825
794 825 824
795 796 826
795 826 825
796 797 827
796 827 826
797 798 828
797 828 827
798 799 829
798 829 828
799 800 830
799 830 829
800 801 831
800 831 830
801 802 832
801 832 831
802 803 833
802 833 832
803 804 834
803 834 833
804 805 835
804 835 834
805 806 836
805 836 835
806 807 837
806 837 836
807 808 838
807 838 837
808 809 839
808 839 838
810 811 841
810 841 840
811 812 842
811 842 841
812 813 843
812 843 842
813 814 844
813 844 843
814 815 845
814 845 844
815 816 846
815 846 845
816 817 847
816 847 846
817 818 848
817 848 847
818 819 849
818 849 848
819 820 850
819 850 849
820 821 851
820 851 850
821 822 852
821 852 851
822 823 853
822 853 852
823 824 854
823 854 853
824 825 855
824 855 854
825 826 856
825 856 855
826 827 857
826 857 856
827 828 858
827 858 857
828 829 859
828 859 858
829 830 860
829 860 859
830 831 861
830 861 860
831 832 862
831 862 861
832 833 863
832 863 862
833 834 864
833 864 863
834 835 865
834 865 864
835 836 866
835 866 865
836 837 867
836 867 866
837 838 868
837 868 867
838 839 869
838 869 868
840 841 871
840 871 870
841 842 872
841 872 871
842 843 873
842 873 872
843 844 874
843 874 873
844 845 875
844 875 874
845 846 876
845 876 875
846 847 877
846 877 876
847 848 878
847 878 877
848 849 879
848 879 878
849 850 880
849 880 879
850 851 881
850 881 880
851 852 882
851 882 881
852 853 883
852 883 882
853 854 884
853 884 883
854 855 885
854 885 884
855 856 886
855 886 885
856 857 887
856 887 886
857 858 888
857 888 887
858 859 889
858 889 888
859 860 890
859 890 889
860 861 891
860 891 890
861 862 892
861 892 891
862 863 893
862 893 892
863 864 894
863 894 893
864 865 895
864 895 894
865 866 896
865 896 895
866 867 897
866 897 896
867 868 898
867 898 897
868 869 899
868 899 898
