0 21 1
1 22 2
2 23 3
3 24 4
4 25 5
5 26 6
6 27 7
7 28 8
8 29 9
9 30 10
10 31 11
11 32 12
12 33 13
13 34 14
14 35 15
15 36 16
16 37 17
17 38 18
18 39 19
19 20 0
20 41 21
21 42 22
22 43 23
23 44 24
24 45 25
25 46 26
26 47 27
27 48 28
28 49 29
29 50 30
30 51 31
31 52 32
32 53 33
33 54 34
34 55 35
35 56 36
36 57 37
37 58 38
38 59 39
39 40 20
40 61 41
41 62 42
42 63 43
43 64 44
44 65 45
45 66 46
46 67 47
47 68 48
48 69 49
49 70 50
50 71 51
51 72 52
52 73 53
53 74 54
54 75 55
55 76 56
56 77 57
57 78 58
58 79 59
59 60 40
60 81 61
61 82 62
62 83 63
63 84 64
64 85 65
65 86 66
66 87 67
67 88 68
68 89 69
69 90 70
70 91 71
71 92 72
72 93 73
73 94 74
74 95 75
75 96 76
76 97 77
77 98 78
78 99 79
79 80 60
80 101 81
81 102 82
82 103 83
83 104 84
84 105 85
85 106 86
86 107 87
87 108 88
88 109 89
89 110 90
90 111 91
91 112 92
92 113 93
93 114 94
94 115 95
95 116 96
96 117 97
97 118 98
98 119 99
99 100 80
100 121 101
101 122 102
102 123 103
103 124 104
104 125 105
105 126 106
106 127 107
107 128 108
108 129 109
109 130 110
110 131 111
111 132 112
112 133 113
113 134 114
114 135 115
115 136 116
116 137 117
117 138 118
118 139 119
119 120 100
120 141 121
121 142 122
122 143 123
123 144 124
124 145 125
125 146 126
126 147 127
127 148 128
128 149 129
129 150 130
130 151 131
131 152 132
132 153 133
133 154 134
134 155 135
135 156 136
136 157 137
137 158 138
138 159 139
139 140 120
140 161 141
141 162 142
142 163 143
143 164 144
144 165 145
145 166 146
146 167 147
147 168 148
148 169 149
149 170 150
150 171 151
151 172 152
152 173 153
153 174 154
154 175 155
155 176 156
156 177 157
157 178 158
158 179 159
159 160 140
160 181 161
161 182 162
162 183 163
163 184 164
164 185 165
165 186 166
166 187 167
167 188 168
168 189 169
169 190 170
170 191 171
171 192 172
172 193 173
173 194 174
174 195 175
175 196 176
176 197 177
177 198 178
178 199 179
179 180 160
180 201 181
181 202 182
182 203 183
183 204 184
184 205 185
185 206 186
186 207 187
187 208 188
188 209 189
189 210 190
190 211 191
191 212 192
192 213 193
193 214 194
194 215 195
195 216 196
196 217 197
197 218 198
198 219 199
199 200 180
200 221 201
201 222 202
202 223 203
203 224 204
204 225 205
205 226 206
206 227 207
207 228 208
208 229 209
209 230 210
210 231 211
211 232 212
212 233 213
213 234 214
214 235 215
215 236 216
216 237 217
217 238 218
218 239 219
219 220 200
220 241 221
221 242 222
222 243 223
223 244 224
224 245 225
225 246 226
226 247 227
227 248 228
228 249 229
229 250 230
230 251 231
231 252 232
232 253 233
233 254 234
234 255 235
235 256 236
236 257 237
237 258 238
238 259 239
239 240 220
240 261 241
241 262 242
242 263 243
243 264 244
244 265 245
245 266 246
246 267 247
247 268 248
248 269 249
249 270 250
250 271 251
251 272 252
252 273 253
253 274 254
254 275 255
255 276 256
256 277 257
257 278 258
258 279 259
259 260 240
260 281 261
261 282 262
262 283 263
263 284 264
264 285 265
265 286 266
266 287 267
267 288 268
268 289 269
269 290 270
270 291 271
271 292 272
272 293 273
273 294 274
274 295 275
275 296 276
276 297 277
277 298 278
278 299 279
279 280 260
280 301 281
281 302 282
282 303 283
283 304 284
284 305 285
285 306 286
286 307 287
287 308 288
288 309 289
289 310 290
290 311 291
291 312 292
292 313 293
293 314 294
294 315 295
295 316 296
296 317 297
297 318 298
298 319 299
299 300 280
300 321 301
301 322 302
302 323 303
303 324 304
304 325 305
305 326 306
306 327 307
307 328 308
308 329 309
309 330 310
310 331 311
311 332 312
312 333 313
313 334 314
314 335 315
315 336 316
316 337 317
317 338 318
318 339 319
319 320 300
320 341 321
321 342 322
322 343 323
323 344 324
324 345 325
325 346 326
326 347 327
327 348 328
328 349 329
329 350 330
330 351 331
331 352 332
332 353 333
333 354 334
334 355 335
335 356 336
336 357 337
337 358 338
338 359 339
339 340 320
340 361 341
341 362 342
342 363 343
343 364 344
344 365 345
345 366 346
346 367 347
347 368 348
348 369 349
349 370 350
350 371 351
351 372 352
352 373 353
353 374 354
354 375 355
355 376 356
356 377 357
357 378 358
358 379 359
359 360 340
360 381 361
361 382 362
362 383 363
363 384 364
364 385 365
365 386 366
366 387 367
367 388 368
368 389 369
369 390 370
370 391 371
371 392 372
372 393 373
373 394 374
374 395 375
375 396 376
376 397 377
377 398 378
378 399 379
379 380 360
