1.0 0.0 0.0
0.9965844930066698 0.0 0.08257934547233232
0.9863613034027223 0.0 0.1645945902807339
0.9694002659393304 0.0 0.24548548714079912
0.9458172417006346 0.0 0.32469946920468346
0.9157733266550574 0.0 0.4016954246529694
0.8794737512064891 0.0 0.4759473930370735
0.8371664782625285 0.0 0.5469481581224268
0.7891405093963936 0.0 0.6142127126896678
0.7357239106731316 0.0 0.677281571625741
0.6772815716257411 0.0 0.7357239106731316
0.6142127126896678 0.0 0.7891405093963936
0.5469481581224269 0.0 0.8371664782625285
0.4759473930370736 0.0 0.879473751206489
0.40169542465296953 0.0 0.9157733266550574
0.32469946920468357 0.0 0.9458172417006346
0.24548548714079924 0.0 0.9694002659393304
0.16459459028073398 0.0 0.9863613034027223
0.0825793454723324 0.0 0.9965844930066698
6.123233995736766e-17 0.0 1.0
0.9458172417006346 0.32469946920468346 0.0
0.9425867962971939 0.3235904558968843 0.08257934547233232
0.9329175273046056 0.32027099165890366 0.1645945902807339
0.9168754856345991 0.31476375179737953 0.24548548714079912
0.8945702546981967 0.30710635634483385 0.32469946920468346
0.8661542018399007 0.2973511130767043 0.4016954246529694
0.8318214375142317 0.28556466019619886 0.4759473930370735
0.791806489314499 0.2718275111277972 0.5469481581224268
0.7463826999115307 0.2562335045289225 0.6142127126896678
0.6958603598460654 0.23888916327675977 0.677281571625741
0.6405845879297293 0.21991296680899194 0.7357239106731316
0.580932973733606 0.1994345417891039 0.7891405093963936
0.5173129982685964 0.1775937766248313 0.8371664782625285
0.4501592504769328 0.15453986588849067 0.879473751206489
0.37993045854903673 0.13043029116676913 0.9157733266550574
0.30710635634483396 0.10542974530180321 0.9458172417006346
0.23218440632504736 0.07970900737207066 0.9694002659393304
0.1556764013781699 0.05344377609811667 0.9863613034027223
0.07810496875608522 0.026813469642136507 0.9965844930066698
5.791460288135303e-17 1.9882108282318008e-17 1.0
0.7891405093963936 0.6142127126896678 0.0
0.7864451944678301 0.612114864874084 0.08257934547233232
0.778377661416115 0.6058356518551026 0.1645945902807339
0.7649930196723626 0.5954179670246815 0.24548548714079912
0.7463826999115307 0.580932973733606 0.32469946920468346
0.7226738294882019 0.5624796191736441 0.4016954246529694
0.6940283640278458 0.5401839584678957 0.4759473930370735
0.6606419811056766 0.5141982935864835 0.5469481581224268
0.6227427435703995 0.4847001329696652 0.6142127126896678
0.5805895416437018 0.451890978965195 0.677281571625741
0.5344703244375274 0.415994951362968 0.7357239106731316
0.4847001329696652 0.37725725642960045 0.7891405093963936
0.4316189481141512 0.3359425119009932 0.8371664782625285
0.3755893681871618 0.2923329393748765 0.879473751206489
0.316994132032845 0.2467264364511285 0.9157733266550574
0.2562335045289226 0.19943454178910394 0.9458172417006346
0.19372254237171213 0.15078030698269487 0.9694002659393304
0.1298882588180291 0.10109608979037404 0.9863613034027223
0.06516670675165716 0.050721283794698514 0.9965844930066698
4.832091994549026e-17 3.760968162955073e-17 1.0
0.5469481581224269 0.8371664782625285 0.0
0.5450800528633707 0.8343071303014413 0.08257934547233232
0.5394884981393553 0.8257486186640944 0.1645945902807339
0.5302116899389075 0.8115494066631879 0.24548548714079912
0.5173129982685964 0.791806489314499 0.32469946920468346
0.5008805342716313 0.7666547307625745 0.4016954246529694
0.4810265483394107 0.7362659430218716 0.4759473930370735
0.45788666332752875 0.7008477123264847 0.5469481581224268
0.4316189481141512 0.6606419811056766 0.6142127126896678
0.40240283782929825 0.6159233952717607 0.677281571625741
0.37043790813096167 0.5669974281100322 0.7357239106731316
0.3359425119009932 0.5141982935864835 0.7891405093963936
0.2991522876735153 0.45788666332752875 0.8371664782625285
0.2603185499847982 0.3984472028670784 0.879473751206489
0.2197065726401478 0.3362859439908974 0.9157733266550574
0.17759377662483136 0.2718275111277973 0.9458172417006346
0.13426783503744685 0.20551222073422412 0.9694002659393304
0.09002470799096296 0.13779307348638586 0.9863613034027223
0.04516662090504778 0.0691326598262972 0.9965844930066698
3.349091555720853e-17 5.1261662397883394e-17 1.0
0.24548548714079924 0.9694002659393304 0.0
0.24464702974270877 0.9660892725516785 0.08257934547233232
0.24213738506265095 0.9561789098308635 0.1645945902807339
0.23797369651853684 0.9397368756032445 0.24548548714079912
0.23218440632504736 0.9168754856345991 0.32469946920468346
0.22480906120446703 0.8877509063995579 0.4016954246529694
0.21589804224247103 0.852562088306231 0.4759473930370735
0.20551222073422412 0.8115494066631879 0.5469481581224268
0.19372254237171213 0.7649930196723626 0.6142127126896678
0.18060954261272757 0.7132109546644579 0.677281571625741
0.16626279654203116 0.656556935649801 0.7357239106731316
0.15078030698269487 0.5954179670246815 0.7891405093963936
0.13426783503744685 0.5302116899389075 0.8371664782625285
0.11683817763309945 0.46138352938327015 0.879473751206489
0.09861039700316444 0.3894036514852009 0.9157733266550574
0.07970900737207068 0.31476375179737964 0.9458172417006346
0.060263124396755505 0.23797369651853684 0.9694002659393304
0.04040558317580624 0.15955803959031864 0.9863613034027223
0.02027203085104387 0.08005243946197486 0.9965844930066698
1.5031650803205425e-17 5.935864663875969e-17 1.0
-0.08257934547233227 0.9965844930066698 0.0
-0.08229729514036689 0.9931806517013612 0.08257934547233232
-0.08145307083423335 0.9829923794730001 0.1645945902807339
-0.08005243946197474 0.9660892725516785 0.24548548714079912
-0.0781049687560851 0.9425867962971939 0.32469946920468346
-0.07562396191619497 0.9126454964535619 0.4016954246529694
-0.07262636673472866 0.876469902458793 0.4759473930370735
-0.06913265982629709 0.8343071303014413 0.5469481581224268
-0.06516670675165706 0.7864451944678301 0.6142127126896678
-0.06075559899173186 0.7332110405110673 0.677281571625741
-0.055929468885326225 0.6749683116813997 0.7357239106731316
-0.05072128379469844 0.612114864874084 0.7891405093963936
-0.04516662090504771 0.5450800528633707 0.8371664782625285
-0.03930342419626441 0.47432179138769825 0.879473751206489
-0.03317174524707279 0.4003234311208786 0.9157733266550574
-0.026813469642136475 0.3235904558968844 0.9458172417006346
-0.02027203085104384 0.24464702974270877 0.9694002659393304
-0.013592113533669714 0.16403241630656581 0.9863613034027223
-0.0068193482986388144 0.08229729514036702 0.9965844930066698
-5.056526555418759e-18 6.102320047202531e-17 1.0
-0.40169542465296926 0.9157733266550575 0.0
-0.4003234311208783 0.912645496453562 0.08257934547233232
-0.3962168226316128 0.9032833721009295 0.1645945902807339
-0.3894036514852006 0.887750906399558 0.24548548714079912
-0.3799304585490365 0.8661542018399008 0.32469946920468346
-0.3678619553365656 0.8386407858128706 0.4016954246529694
-0.35328058196203044 0.8053986028481689 0.4759473930370735
-0.3362859439908972 0.7666547307625746 0.5469481581224268
-0.31699413203284477 0.722673829488202 0.6142127126896678
-0.29553692872518683 0.6737563331768021 0.677281571625741
-0.27206090852383247 0.6202363979298705 0.7357239106731316
-0.24672643645112832 0.5624796191736442 0.7891405093963936
-0.21970657264014765 0.5008805342716313 0.8371664782625285
-0.19118589015850096 0.4358599274343631 0.879473751206489
-0.16135921418712942 0.3678619553365659 0.9157733266550574
-0.13043029116676907 0.2973511130767045 0.9458172417006346
-0.09861039700316437 0.22480906120446706 0.9694002659393304
-0.06611689383840093 0.15073133549081394 0.9863613034027223
-0.033171745247072816 0.0756239619161951 0.9965844930066698
-2.459675080166978e-17 5.607494366163199e-17 1.0
-0.6772815716257409 0.7357239106731317 0.0
-0.6749683116813995 0.7332110405110674 0.08257934547233232
-0.66804433375941 0.7256895954760982 0.1645945902807339
-0.6565569356498009 0.713210954664458 0.24548548714079912
-0.640584587929729 0.6958603598460655 0.32469946920468346
-0.6202363979298703 0.6737563331768021 0.4016954246529694
-0.5956513644207168 0.647049867572007 0.4759473930370735
-0.566997428110032 0.6159233952717608 0.5469481581224268
-0.5344703244375272 0.5805895416437019 0.6142127126896678
-0.49829224650333476 0.5412896727361662 0.677281571625741
-0.4587103272638337 0.498292246503335 0.7357239106731316
-0.4159949513629679 0.4518909789651951 0.7891405093963936
-0.37043790813096156 0.4024028378292983 0.8371664782625285
-0.32235039836732343 0.3501658772799179 0.879473751206489
-0.2720609085238326 0.29553692872518705 0.9157733266550574
-0.21991296680899194 0.23888916327675988 0.9458172417006346
-0.1662627965420311 0.1806095426127276 0.9694002659393304
-0.1114768827864304 0.12109617563698344 0.9863613034027223
-0.055929468885326294 0.06075559899173196 0.9965844930066698
-4.147153544064762e-17 4.50500966131012e-17 1.0
-0.879473751206489 0.4759473930370737 0.0
-0.8764699024587929 0.4743217913876983 0.08257934547233232
-0.867478875548514 0.4694560909471758 0.1645945902807339
-0.8525620883062309 0.4613835293832702 0.24548548714079912
-0.8318214375142315 0.45015925047693284 0.32469946920468346
-0.8053986028481687 0.4358599274343631 0.4016954246529694
-0.7734740790612133 0.4185832391312644 0.4759473930370735
-0.7362659430218715 0.39844720286707846 0.5469481581224268
-0.6940283640278458 0.3755893681871619 0.6142127126896678
-0.6470498675720069 0.3501658772799178 0.677281571625741
-0.5956513644207169 0.32235039836732354 0.7357239106731316
-0.5401839584678956 0.29233293937487653 0.7891405093963936
-0.48102654833941066 0.26031854998479825 0.8371664782625285
-0.4185832391312643 0.22652592093878665 0.879473751206489
-0.35328058196203066 0.1911858901585011 0.9157733266550574
-0.2855646601961989 0.15453986588849072 0.9458172417006346
-0.215898042242471 0.11683817763309946 0.9694002659393304
-0.1447566217424922 0.0783383661521206 0.9863613034027223
-0.07262636673472876 0.03930342419626447 0.9965844930066698
-5.385223571745712e-17 2.914337257226898e-17 1.0
-0.9863613034027223 0.16459459028073403 0.0
-0.9829923794730001 0.16403241630656587 0.08257934547233232
-0.9729086208503173 0.16234973460234187 0.1645945902807339
-0.9561789098308635 0.1595580395903187 0.24548548714079912
-0.9329175273046056 0.15567640137816996 0.32469946920468346
-0.9032833721009295 0.150731335490814 0.4016954246529694
-0.8674788755485141 0.1447566217424923 0.4759473930370735
-0.8257486186640944 0.13779307348638592 0.5469481581224268
-0.778377661416115 0.12988825881802915 0.6142127126896678
-0.7256895954760981 0.12109617563698345 0.677281571625741
-0.6680443337594102 0.11147688278643048 0.7357239106731316
-0.6058356518551026 0.10109608979037409 0.7891405093963936
-0.5394884981393553 0.09002470799096299 0.8371664782625285
-0.4694560909471757 0.07833836615212061 0.879473751206489
-0.39621682263161306 0.06611689383840098 0.9157733266550574
-0.32027099165890377 0.05344377609811671 0.9458172417006346
-0.24213738506265095 0.04040558317580625 0.9694002659393304
-0.1623497346023418 0.027091379149682696 0.9863613034027223
-0.08145307083423348 0.01359211353366974 0.9965844930066698
-6.039721065074776e-17 1.007851190721355e-17 1.0
-0.9863613034027224 -0.16459459028073378 0.0
-0.9829923794730002 -0.16403241630656562 0.08257934547233232
-0.9729086208503174 -0.16234973460234162 0.1645945902807339
-0.9561789098308636 -0.15955803959031845 0.24548548714079912
-0.9329175273046058 -0.1556764013781697 0.32469946920468346
-0.9032833721009295 -0.15073133549081374 0.4016954246529694
-0.8674788755485142 -0.14475662174249207 0.4759473930370735
-0.8257486186640945 -0.1377930734863857 0.5469481581224268
-0.7783776614161151 -0.12988825881802896 0.6142127126896678
-0.7256895954760982 -0.12109617563698327 0.677281571625741
-0.6680443337594103 -0.11147688278643031 0.7357239106731316
-0.6058356518551026 -0.10109608979037393 0.7891405093963936
-0.5394884981393553 -0.09002470799096285 0.8371664782625285
-0.4694560909471758 -0.0783383661521205 0.879473751206489
-0.3962168226316131 -0.06611689383840089 0.9157733266550574
-0.3202709916589038 -0.053443776098116624 0.9458172417006346
-0.24213738506265098 -0.04040558317580619 0.9694002659393304
-0.16234973460234184 -0.027091379149682657 0.9863613034027223
-0.08145307083423349 -0.013592113533669719 0.9965844930066698
-6.039721065074777e-17 -1.0078511907213534e-17 1.0
-0.8794737512064891 -0.47594739303707345 0.0
-0.876469902458793 -0.4743217913876981 0.08257934547233232
-0.8674788755485141 -0.46945609094717555 0.1645945902807339
-0.852562088306231 -0.46138352938327 0.24548548714079912
-0.8318214375142317 -0.45015925047693267 0.32469946920468346
-0.8053986028481688 -0.43585992743436286 0.4016954246529694
-0.7734740790612135 -0.4185832391312642 0.4759473930370735
-0.7362659430218716 -0.3984472028670783 0.5469481581224268
-0.6940283640278458 -0.3755893681871617 0.6142127126896678
-0.6470498675720069 -0.35016587727991766 0.677281571625741
-0.595651364420717 -0.32235039836732343 0.7357239106731316
-0.5401839584678957 -0.2923329393748764 0.7891405093963936
-0.4810265483394107 -0.26031854998479814 0.8371664782625285
-0.41858323913126433 -0.22652592093878654 0.879473751206489
-0.3532805819620307 -0.19118589015850102 0.9157733266550574
-0.2855646601961989 -0.15453986588849067 0.9458172417006346
-0.21589804224247103 -0.11683817763309941 0.9694002659393304
-0.14475662174249224 -0.07833836615212056 0.9863613034027223
-0.07262636673472878 -0.03930342419626446 0.9965844930066698
-5.3852235717457124e-17 -2.9143372572268965e-17 1.0
-0.6772815716257414 -0.7357239106731313 0.0
-0.6749683116814 -0.733211040511067 0.08257934547233232
-0.6680443337594105 -0.7256895954760978 0.1645945902807339
-0.6565569356498013 -0.7132109546644576 0.24548548714079912
-0.6405845879297296 -0.6958603598460651 0.32469946920468346
-0.6202363979298707 -0.6737563331768017 0.4016954246529694
-0.5956513644207172 -0.6470498675720067 0.4759473930370735
-0.5669974281100324 -0.6159233952717604 0.5469481581224268
-0.5344703244375276 -0.5805895416437016 0.6142127126896678
-0.49829224650333515 -0.5412896727361659 0.677281571625741
-0.4587103272638341 -0.4982922465033347 0.7357239106731316
-0.4159949513629682 -0.4518909789651948 0.7891405093963936
-0.37043790813096183 -0.4024028378292981 0.8371664782625285
-0.3223503983673237 -0.35016587727991766 0.879473751206489
-0.2720609085238328 -0.2955369287251869 0.9157733266550574
-0.2199129668089921 -0.23888916327675974 0.9458172417006346
-0.16626279654203124 -0.1806095426127275 0.9694002659393304
-0.11147688278643049 -0.12109617563698336 0.9863613034027223
-0.055929468885326336 -0.06075559899173193 0.9965844930066698
-4.1471535440647656e-17 -4.505009661310117e-17 1.0
-0.40169542465296987 -0.9157733266550573 0.0
-0.4003234311208789 -0.9126454964535617 0.08257934547233232
-0.3962168226316134 -0.9032833721009293 0.1645945902807339
-0.38940365148520123 -0.8877509063995578 0.24548548714079912
-0.37993045854903706 -0.8661542018399006 0.32469946920468346
-0.3678619553365662 -0.8386407858128704 0.4016954246529694
-0.353280581962031 -0.8053986028481687 0.4759473930370735
-0.3362859439908977 -0.7666547307625745 0.5469481581224268
-0.31699413203284527 -0.7226738294882018 0.6142127126896678
-0.2955369287251873 -0.673756333176802 0.677281571625741
-0.2720609085238329 -0.6202363979298704 0.7357239106731316
-0.24672643645112868 -0.562479619173644 0.7891405093963936
-0.21970657264014798 -0.5008805342716312 0.8371664782625285
-0.19118589015850124 -0.43585992743436297 0.879473751206489
-0.16135921418712965 -0.3678619553365658 0.9157733266550574
-0.13043029116676927 -0.2973511130767044 0.9458172417006346
-0.09861039700316453 -0.224809061204467 0.9694002659393304
-0.06611689383840103 -0.1507313354908139 0.9863613034027223
-0.033171745247072865 -0.07562396191619508 0.9965844930066698
-2.4596750801669817e-17 -5.607494366163198e-17 1.0
-0.08257934547233274 -0.9965844930066698 0.0
-0.08229729514036736 -0.9931806517013612 0.08257934547233232
-0.08145307083423382 -0.9829923794730001 0.1645945902807339
-0.0800524394619752 -0.9660892725516785 0.24548548714079912
-0.07810496875608554 -0.9425867962971939 0.32469946920468346
-0.0756239619161954 -0.9126454964535619 0.4016954246529694
-0.07262636673472908 -0.876469902458793 0.4759473930370735
-0.06913265982629749 -0.8343071303014413 0.5469481581224268
-0.06516670675165742 -0.7864451944678301 0.6142127126896678
-0.060755598991732204 -0.7332110405110673 0.677281571625741
-0.055929468885326544 -0.6749683116813997 0.7357239106731316
-0.05072128379469873 -0.612114864874084 0.7891405093963936
-0.045166620905047965 -0.5450800528633707 0.8371664782625285
-0.03930342419626464 -0.47432179138769825 0.879473751206489
-0.033171745247072976 -0.4003234311208786 0.9157733266550574
-0.02681346964213663 -0.3235904558968844 0.9458172417006346
-0.020272030851043957 -0.24464702974270877 0.9694002659393304
-0.013592113533669792 -0.16403241630656581 0.9863613034027223
-0.0068193482986388535 -0.08229729514036702 0.9965844930066698
-5.0565265554187884e-18 -6.102320047202531e-17 1.0
0.2454854871407988 -0.9694002659393305 0.0
0.24464702974270833 -0.9660892725516786 0.08257934547233232
0.24213738506265053 -0.9561789098308636 0.1645945902807339
0.23797369651853642 -0.9397368756032446 0.24548548714079912
0.23218440632504692 -0.9168754856345992 0.32469946920468346
0.22480906120446661 -0.887750906399558 0.4016954246529694
0.21589804224247064 -0.852562088306231 0.4759473930370735
0.20551222073422376 -0.8115494066631879 0.5469481581224268
0.19372254237171177 -0.7649930196723627 0.6142127126896678
0.18060954261272724 -0.7132109546644579 0.677281571625741
0.16626279654203086 -0.6565569356498011 0.7357239106731316
0.1507803069826946 -0.5954179670246815 0.7891405093963936
0.13426783503744663 -0.5302116899389077 0.8371664782625285
0.11683817763309924 -0.4613835293832702 0.879473751206489
0.09861039700316426 -0.38940365148520095 0.9157733266550574
0.07970900737207054 -0.3147637517973797 0.9458172417006346
0.0602631243967554 -0.23797369651853686 0.9694002659393304
0.04040558317580616 -0.15955803959031867 0.9863613034027223
0.020272030851043836 -0.08005243946197486 0.9965844930066698
1.5031650803205398e-17 -5.93586466387597e-17 1.0
0.5469481581224266 -0.8371664782625288 0.0
0.5450800528633704 -0.8343071303014415 0.08257934547233232
0.539488498139355 -0.8257486186640947 0.1645945902807339
0.5302116899389072 -0.811549406663188 0.24548548714079912
0.5173129982685961 -0.7918064893144993 0.32469946920468346
0.5008805342716309 -0.7666547307625747 0.4016954246529694
0.48102654833941044 -0.7362659430218719 0.4759473930370735
0.4578866633275285 -0.7008477123264849 0.5469481581224268
0.4316189481141509 -0.6606419811056768 0.6142127126896678
0.40240283782929803 -0.6159233952717609 0.677281571625741
0.37043790813096145 -0.5669974281100323 0.7357239106731316
0.335942511900993 -0.5141982935864836 0.7891405093963936
0.29915228767351515 -0.45788666332752886 0.8371664782625285
0.26031854998479803 -0.3984472028670785 0.879473751206489
0.21970657264014767 -0.3362859439908975 0.9157733266550574
0.17759377662483125 -0.27182751112779735 0.9458172417006346
0.13426783503744677 -0.20551222073422418 0.9694002659393304
0.0900247079909629 -0.13779307348638592 0.9863613034027223
0.04516662090504775 -0.06913265982629721 0.9965844930066698
3.349091555720851e-17 -5.1261662397883407e-17 1.0
0.7891405093963934 -0.614212712689668 0.0
0.7864451944678299 -0.6121148648740842 0.08257934547233232
0.7783776614161148 -0.6058356518551028 0.1645945902807339
0.7649930196723623 -0.5954179670246817 0.24548548714079912
0.7463826999115305 -0.5809329737336062 0.32469946920468346
0.7226738294882017 -0.5624796191736443 0.4016954246529694
0.6940283640278457 -0.5401839584678959 0.4759473930370735
0.6606419811056764 -0.5141982935864837 0.5469481581224268
0.6227427435703994 -0.48470013296966535 0.6142127126896678
0.5805895416437017 -0.45189097896519514 0.677281571625741
0.5344703244375272 -0.41599495136296816 0.7357239106731316
0.4847001329696651 -0.37725725642960056 0.7891405093963936
0.4316189481141511 -0.33594251190099333 0.8371664782625285
0.3755893681871617 -0.2923329393748766 0.879473751206489
0.31699413203284493 -0.24672643645112857 0.9157733266550574
0.2562335045289225 -0.19943454178910403 0.9458172417006346
0.19372254237171208 -0.15078030698269493 0.9694002659393304
0.12988825881802907 -0.10109608979037409 0.9863613034027223
0.06516670675165713 -0.050721283794698535 0.9965844930066698
4.8320919945490244e-17 -3.760968162955074e-17 1.0
0.9458172417006346 -0.32469946920468373 0.0
0.9425867962971939 -0.32359045589688457 0.08257934547233232
0.9329175273046056 -0.32027099165890394 0.1645945902807339
0.9168754856345991 -0.3147637517973798 0.24548548714079912
0.8945702546981967 -0.30710635634483413 0.32469946920468346
0.8661542018399007 -0.2973511130767046 0.4016954246529694
0.8318214375142317 -0.2855646601961991 0.4759473930370735
0.791806489314499 -0.2718275111277974 0.5469481581224268
0.7463826999115307 -0.25623350452892274 0.6142127126896678
0.6958603598460654 -0.23888916327675996 0.677281571625741
0.6405845879297293 -0.2199129668089921 0.7357239106731316
0.580932973733606 -0.19943454178910405 0.7891405093963936
0.5173129982685964 -0.17759377662483145 0.8371664782625285
0.4501592504769328 -0.15453986588849078 0.879473751206489
0.37993045854903673 -0.13043029116676924 0.9157733266550574
0.30710635634483396 -0.10542974530180331 0.9458172417006346
0.23218440632504736 -0.07970900737207072 0.9694002659393304
0.1556764013781699 -0.05344377609811672 0.9863613034027223
0.07810496875608522 -0.02681346964213653 0.9965844930066698
5.791460288135303e-17 -1.9882108282318027e-17 1.0
1.0 -2.4492935982947064e-16 0.0
0.9965844930066698 -2.4409280188810123e-16 0.08257934547233232
0.9863613034027223 -2.4158884260299103e-16 0.1645945902807339
0.9694002659393304 -2.3743458655503876e-16 0.24548548714079912
0.9458172417006346 -2.3165841152541214e-16 0.32469946920468346
0.9157733266550574 -2.242997746465279e-16 0.4016954246529694
0.8794737512064891 -2.154089428698285e-16 0.4759473930370735
0.8371664782625285 -2.0504664959153358e-16 0.5469481581224268
0.7891405093963936 -1.9328367978196105e-16 0.6142127126896678
0.7357239106731316 -1.8020038645240475e-16 0.677281571625741
0.6772815716257411 -1.6588614176259052e-16 0.7357239106731316
0.6142127126896678 -1.5043872651820291e-16 0.7891405093963936
0.5469481581224269 -1.339636622288341e-16 0.8371664782625285
0.4759473930370736 -1.1657349028907589e-16 0.879473751206489
0.40169542465296953 -9.838700320667919e-17 0.9157733266550574
0.32469946920468357 -7.952843312927206e-17 0.9458172417006346
0.24548548714079924 -6.01266032128217e-17 0.9694002659393304
0.16459459028073398 -4.0314047628854186e-17 0.9863613034027223
0.0825793454723324 -2.0226106221675067e-17 0.9965844930066698
6.123233995736766e-17 -1.4997597826618576e-32 1.0
