-0.016157999634742737 -0.08579500019550323 -0.18775899708271027
-0.0180830005556345 -0.08206100016832352 -0.1759050041437149
-0.01879500038921833 -0.0655049979686737 -0.19762299954891205
-0.016157999634742737 -0.08579500019550323 -0.18775899708271027
-0.01879500038921833 -0.0655049979686737 -0.19762299954891205
-3.000000106112566e-06 -0.09593900293111801 -0.2058439999818802
-3.000000106112566e-06 -0.10122299939393997 -0.19935399293899536
-0.016157999634742737 -0.08579500019550323 -0.18775899708271027
-3.000000106112566e-06 -0.09593900293111801 -0.2058439999818802
-0.0180830005556345 -0.08206100016832352 -0.1759050041437149
-0.013939999975264072 -0.0783270001411438 -0.16232000291347504
-0.021640999242663383 -0.043877001851797104 -0.1771160066127777
-0.021640999242663383 -0.043877001851797104 -0.1771160066127777
-0.013939999975264072 -0.0783270001411438 -0.16232000291347504
-0.01766500063240528 -0.06621000170707703 -0.14847500622272491
-0.013939999975264072 -0.0783270001411438 -0.16232000291347504
-3.000000106112566e-06 -0.08706299960613251 -0.1510709971189499
-0.01766500063240528 -0.06621000170707703 -0.14847500622272491
-0.0180830005556345 -0.08206100016832352 -0.1759050041437149
-0.021640999242663383 -0.043877001851797104 -0.1771160066127777
-0.01879500038921833 -0.0655049979686737 -0.19762299954891205
-0.02118000015616417 0.021570000797510147 -0.014960999600589275
-0.025490999221801758 0.016286000609397888 -0.004058000165969133
-0.02314699999988079 0.009240999817848206 9.000000318337698e-06
-0.02113799937069416 0.014313999563455582 -0.016258999705314636
-0.02118000015616417 0.021570000797510147 -0.014960999600589275
-0.02314699999988079 0.009240999817848206 9.000000318337698e-06
-0.02624399960041046 0.006422999780625105 -0.005442999769002199
-0.0305550005286932 -0.010203000158071518 9.000000318337698e-06
-0.04281799867749214 -0.02626500092446804 9.000000318337698e-06
-0.02624399960041046 0.006422999780625105 -0.005442999769002199
-0.013729999773204327 -0.027250999584794044 9.000000318337698e-06
-0.022771000862121582 -0.010203000158071518 9.000000318337698e-06
-0.03151800110936165 0.009240999817848206 9.000000318337698e-06
-0.027333000674843788 0.04298600181937218 9.000000318337698e-06
-0.025490999221801758 0.016286000609397888 -0.004058000165969133
-0.025490999221801758 0.016286000609397888 -0.004058000165969133
-0.027333000674843788 0.04298600181937218 9.000000318337698e-06
-0.02314699999988079 0.009240999817848206 9.000000318337698e-06
-0.02624399960041046 0.006422999780625105 -0.005442999769002199
-0.03151800110936165 0.009240999817848206 9.000000318337698e-06
-0.028629999607801437 0.012481999583542347 -0.01807600073516369
-0.02624399960041046 0.006422999780625105 -0.005442999769002199
-0.04281799867749214 -0.02626500092446804 9.000000318337698e-06
-0.03151800110936165 0.009240999817848206 9.000000318337698e-06
-0.02314699999988079 0.009240999817848206 9.000000318337698e-06
-0.02624399960041046 0.006422999780625105 -0.005442999769002199
-0.02113799937069416 0.014313999563455582 -0.016258999705314636
-0.02825300022959709 0.019526999443769455 -0.016690999269485474
-0.03151800110936165 0.009240999817848206 9.000000318337698e-06
-0.025490999221801758 0.016286000609397888 -0.004058000165969133
-0.03151800110936165 0.009240999817848206 9.000000318337698e-06
-0.02825300022959709 0.019526999443769455 -0.016690999269485474
-0.028629999607801437 0.012481999583542347 -0.01807600073516369
-0.02624399960041046 0.006422999780625105 -0.005442999769002199
-0.02314699999988079 0.009240999817848206 9.000000318337698e-06
-0.013729999773204327 -0.027250999584794044 9.000000318337698e-06
-0.0305550005286932 -0.010203000158071518 9.000000318337698e-06
-0.02624399960041046 0.006422999780625105 -0.005442999769002199
-0.027123000472784042 -0.03655099868774414 9.000000318337698e-06
-0.022771000862121582 -0.010203000158071518 9.000000318337698e-06
-0.0305550005286932 -0.010203000158071518 9.000000318337698e-06
-0.027123000472784042 -0.03655099868774414 9.000000318337698e-06
-0.02624399960041046 0.006422999780625105 -0.005442999769002199
-0.022771000862121582 -0.010203000158071518 9.000000318337698e-06
-0.027123000472784042 -0.03655099868774414 9.000000318337698e-06
-0.03151800110936165 0.009240999817848206 9.000000318337698e-06
-0.02314699999988079 0.009240999817848206 9.000000318337698e-06
-0.027333000674843788 0.04298600181937218 9.000000318337698e-06
-0.02624399960041046 0.006422999780625105 -0.005442999769002199
-0.028629999607801437 0.012481999583542347 -0.01807600073516369
-0.02113799937069416 0.014313999563455582 -0.016258999705314636
-0.02118000015616417 0.021570000797510147 -0.014960999600589275
-0.02825300022959709 0.019526999443769455 -0.016690999269485474
-0.025490999221801758 0.016286000609397888 -0.004058000165969133
0.016194000840187073 -0.08579500019550323 -0.18775899708271027
0.018789000809192657 -0.0655049979686737 -0.19762299954891205
0.018077999353408813 -0.08206100016832352 -0.1759050041437149
0.016194000840187073 -0.08579500019550323 -0.18775899708271027
-3.000000106112566e-06 -0.09593900293111801 -0.2058439999818802
0.018789000809192657 -0.0655049979686737 -0.19762299954891205
-3.000000106112566e-06 -0.10122299939393997 -0.19935399293899536
-3.000000106112566e-06 -0.09593900293111801 -0.2058439999818802
0.016194000840187073 -0.08579500019550323 -0.18775899708271027
0.018077999353408813 -0.08206100016832352 -0.1759050041437149
0.02163499966263771 -0.043877001851797104 -0.1771160066127777
0.013976000249385834 -0.0783270001411438 -0.16232000291347504
0.02163499966263771 -0.043877001851797104 -0.1771160066127777
0.01765899918973446 -0.06621000170707703 -0.14847500622272491
0.013976000249385834 -0.0783270001411438 -0.16232000291347504
0.013976000249385834 -0.0783270001411438 -0.16232000291347504
0.01765899918973446 -0.06621000170707703 -0.14847500622272491
-3.000000106112566e-06 -0.08706299960613251 -0.1510709971189499
0.018077999353408813 -0.08206100016832352 -0.1759050041437149
0.018789000809192657 -0.0655049979686737 -0.19762299954891205
0.02163499966263771 -0.043877001851797104 -0.1771160066127777
0.021175000816583633 0.021570000797510147 -0.014960999600589275
0.023142000660300255 0.009240999817848206 9.000000318337698e-06
0.02552800066769123 0.016286000609397888 -0.004058000165969133
0.021133000031113625 0.014313999563455582 -0.016258999705314636
0.023142000660300255 0.009240999817848206 9.000000318337698e-06
0.021175000816583633 0.021570000797510147 -0.014960999600589275
0.026280999183654785 0.006422999780625105 -0.005442999769002199
0.042854998260736465 -0.02626500092446804 9.000000318337698e-06
0.030549999326467514 -0.010203000158071518 9.000000318337698e-06
0.026280999183654785 0.006422999780625105 -0.005442999769002199
0.02276499941945076 -0.010203000158071518 9.000000318337698e-06
0.01372500043362379 -0.027250999584794044 9.000000318337698e-06
0.03151300176978111 0.009240999817848206 9.000000318337698e-06
0.02552800066769123 0.016286000609397888 -0.004058000165969133
0.027326999232172966 0.04298600181937218 9.000000318337698e-06
0.02552800066769123 0.016286000609397888 -0.004058000165969133
0.023142000660300255 0.009240999817848206 9.000000318337698e-06
0.027326999232172966 0.04298600181937218 9.000000318337698e-06
0.026280999183654785 0.006422999780625105 -0.005442999769002199
0.0286250002682209 0.012481999583542347 -0.01807600073516369
0.03151300176978111 0.009240999817848206 9.000000318337698e-06
0.026280999183654785 0.006422999780625105 -0.005442999769002199
0.03151300176978111 0.009240999817848206 9.000000318337698e-06
0.042854998260736465 -0.02626500092446804 9.000000318337698e-06
0.023142000660300255 0.009240999817848206 9.000000318337698e-06
0.021133000031113625 0.014313999563455582 -0.016258999705314636
0.026280999183654785 0.006422999780625105 -0.005442999769002199
0.028248000890016556 0.019526999443769455 -0.016690999269485474
0.02552800066769123 0.016286000609397888 -0.004058000165969133
0.03151300176978111 0.009240999817848206 9.000000318337698e-06
0.03151300176978111 0.009240999817848206 9.000000318337698e-06
0.0286250002682209 0.012481999583542347 -0.01807600073516369
0.028248000890016556 0.019526999443769455 -0.016690999269485474
0.026280999183654785 0.006422999780625105 -0.005442999769002199
0.01372500043362379 -0.027250999584794044 9.000000318337698e-06
0.023142000660300255 0.009240999817848206 9.000000318337698e-06
0.030549999326467514 -0.010203000158071518 9.000000318337698e-06
0.027117999270558357 -0.03655099868774414 9.000000318337698e-06
0.026280999183654785 0.006422999780625105 -0.005442999769002199
0.02276499941945076 -0.010203000158071518 9.000000318337698e-06
0.027117999270558357 -0.03655099868774414 9.000000318337698e-06
0.030549999326467514 -0.010203000158071518 9.000000318337698e-06
0.026280999183654785 0.006422999780625105 -0.005442999769002199
0.027117999270558357 -0.03655099868774414 9.000000318337698e-06
0.02276499941945076 -0.010203000158071518 9.000000318337698e-06
0.03151300176978111 0.009240999817848206 9.000000318337698e-06
0.027326999232172966 0.04298600181937218 9.000000318337698e-06
0.023142000660300255 0.009240999817848206 9.000000318337698e-06
0.026280999183654785 0.006422999780625105 -0.005442999769002199
0.021133000031113625 0.014313999563455582 -0.016258999705314636
0.0286250002682209 0.012481999583542347 -0.01807600073516369
0.021175000816583633 0.021570000797510147 -0.014960999600589275
0.02552800066769123 0.016286000609397888 -0.004058000165969133
0.028248000890016556 0.019526999443769455 -0.016690999269485474
-0.0305550005286932 -0.010203000158071518 9.000000318337698e-06
-0.029593000188469887 0.006634999997913837 9.000000318337698e-06
-0.04281799867749214 -0.02626500092446804 9.000000318337698e-06
-0.03151800110936165 0.009240999817848206 9.000000318337698e-06
-0.025699999183416367 0.006422999780625105 9.000000318337698e-06
-0.02314699999988079 0.009240999817848206 9.000000318337698e-06
-0.013729999773204327 -0.027250999584794044 9.000000318337698e-06
-0.022771000862121582 -0.010203000158071518 9.000000318337698e-06
0.03151300176978111 0.009240999817848206 9.000000318337698e-06
0.029587000608444214 0.006634999997913837 9.000000318337698e-06
0.042854998260736465 -0.02626500092446804 9.000000318337698e-06
0.030549999326467514 -0.010203000158071518 9.000000318337698e-06
0.023142000660300255 0.009240999817848206 9.000000318337698e-06
0.02569499984383583 0.006422999780625105 9.000000318337698e-06
0.02276499941945076 -0.010203000158071518 9.000000318337698e-06
0.01372500043362379 -0.027250999584794044 9.000000318337698e-06
-3.000000106112566e-06 -0.035422999411821365 -0.18896999955177307
-3.000000106112566e-06 -0.061489999294281006 -0.21224699914455414
-0.021640999242663383 -0.043877001851797104 -0.1771160066127777
-3.000000106112566e-06 -0.035422999411821365 -0.18896999955177307
-0.021640999242663383 -0.043877001851797104 -0.1771160066127777
-3.000000106112566e-06 -0.010343999601900578 -0.14951300621032715
-3.000000106112566e-06 -0.010343999601900578 -0.14951300621032715
-0.03256399929523468 -0.014992999844253063 -0.12467899918556213
-3.000000106112566e-06 0.03396899998188019 -0.13082300126552582
-3.000000106112566e-06 -0.010343999601900578 -0.14951300621032715
-0.021640999242663383 -0.043877001851797104 -0.1771160066127777
-0.026579000055789948 -0.03175999969244003 -0.138264998793602
-3.000000106112566e-06 -0.010343999601900578 -0.14951300621032715
-0.026579000055789948 -0.03175999969244003 -0.138264998793602
-0.03256399929523468 -0.014992999844253063 -0.12467899918556213
-3.000000106112566e-06 0.03396899998188019 -0.13082300126552582
-0.03256399929523468 -0.014992999844253063 -0.12467899918556213
-0.052988000214099884 0.004379999823868275 -0.11836300045251846
-0.03256399929523468 -0.014992999844253063 -0.12467899918556213
-0.03030399978160858 -0.04049599915742874 -0.09707699716091156
-0.052988000214099884 0.004379999823868275 -0.11836300045251846
-3.000000106112566e-06 0.03396899998188019 -0.13082300126552582
-0.052988000214099884 0.004379999823868275 -0.11836300045251846
-3.000000106112566e-06 0.08088800311088562 -0.10382600128650665
-0.052988000214099884 0.004379999823868275 -0.11836300045251846
-0.01180499978363514 0.12660999596118927 -0.07674200087785721
-3.000000106112566e-06 0.08088800311088562 -0.10382600128650665
-0.028838999569416046 0.043832000344991684 -0.05762000009417534
-0.01783199980854988 0.1087149977684021 -0.05519700050354004
-0.01180499978363514 0.12660999596118927 -0.07674200087785721
-0.01180499978363514 0.12660999596118927 -0.07674200087785721
-0.01783199980854988 0.1087149977684021 -0.05519700050354004
-0.038088999688625336 0.24806399643421173 9.000000318337698e-06
-0.01180499978363514 0.12660999596118927 -0.07674200087785721
-0.038088999688625336 0.24806399643421173 9.000000318337698e-06
-3.000000106112566e-06 0.23341000080108643 9.000000318337698e-06
-0.028838999569416046 0.043832000344991684 -0.05762000009417534
-3.000000106112566e-06 0.049609001725912094 -0.039448998868465424
-0.01783199980854988 0.1087149977684021 -0.05519700050354004
-0.01783199980854988 0.1087149977684021 -0.05519700050354004
-3.000000106112566e-06 0.049609001725912094 -0.039448998868465424
-3.000000106112566e-06 0.09948699921369553 -0.04983200132846832
-0.04583200067281723 0.053272001445293427 -0.04377499967813492
-0.01180499978363514 0.12660999596118927 -0.07674200087785721
-0.052988000214099884 0.004379999823868275 -0.11836300045251846
-0.03030399978160858 -0.04049599915742874 -0.09707699716091156
-0.03260599821805954 -0.02394000068306923 -0.07449299842119217
-0.052988000214099884 0.004379999823868275 -0.11836300045251846
-0.052988000214099884 0.004379999823868275 -0.11836300045251846
-0.03260599821805954 -0.02394000068306923 -0.07449299842119217
-0.045455001294612885 0.007338999770581722 -0.05433199927210808
-0.052988000214099884 0.004379999823868275 -0.11836300045251846
-0.045455001294612885 0.007338999770581722 -0.05433199927210808
-0.04583200067281723 0.053272001445293427 -0.04377499967813492
-3.000000106112566e-06 -0.035422999411821365 -0.18896999955177307
0.02163499966263771 -0.043877001851797104 -0.1771160066127777
-3.000000106112566e-06 -0.061489999294281006 -0.21224699914455414
-3.000000106112566e-06 -0.035422999411821365 -0.18896999955177307
-3.000000106112566e-06 -0.010343999601900578 -0.14951300621032715
0.02163499966263771 -0.043877001851797104 -0.1771160066127777
-3.000000106112566e-06 -0.010343999601900578 -0.14951300621032715
-3.000000106112566e-06 0.03396899998188019 -0.13082300126552582
0.032558999955654144 -0.014992999844253063 -0.12467899918556213
-3.000000106112566e-06 -0.010343999601900578 -0.14951300621032715
0.02661599963903427 -0.03175999969244003 -0.138264998793602
0.02163499966263771 -0.043877001851797104 -0.1771160066127777
-3.000000106112566e-06 -0.010343999601900578 -0.14951300621032715
0.032558999955654144 -0.014992999844253063 -0.12467899918556213
0.02661599963903427 -0.03175999969244003 -0.138264998793602
-3.000000106112566e-06 0.03396899998188019 -0.13082300126552582
0.05298300087451935 0.004379999823868275 -0.11836300045251846
0.032558999955654144 -0.014992999844253063 -0.12467899918556213
0.032558999955654144 -0.014992999844253063 -0.12467899918556213
0.05298300087451935 0.004379999823868275 -0.11836300045251846
0.030299000442028046 -0.04049599915742874 -0.09707699716091156
-3.000000106112566e-06 0.03396899998188019 -0.13082300126552582
-3.000000106112566e-06 0.08088800311088562 -0.10382600128650665
0.05298300087451935 0.004379999823868275 -0.11836300045251846
0.05298300087451935 0.004379999823868275 -0.11836300045251846
-3.000000106112566e-06 0.08088800311088562 -0.10382600128650665
0.011800000444054604 0.12660999596118927 -0.07674200087785721
0.02883400022983551 0.043832000344991684 -0.05762000009417534
0.011800000444054604 0.12660999596118927 -0.07674200087785721
0.017827000468969345 0.1087149977684021 -0.05519700050354004
0.011800000444054604 0.12660999596118927 -0.07674200087785721
0.0380840003490448 0.24806399643421173 9.000000318337698e-06
0.017827000468969345 0.1087149977684021 -0.05519700050354004
0.011800000444054604 0.12660999596118927 -0.07674200087785721
-3.000000106112566e-06 0.23341000080108643 9.000000318337698e-06
0.0380840003490448 0.24806399643421173 9.000000318337698e-06
0.02883400022983551 0.043832000344991684 -0.05762000009417534
0.017827000468969345 0.1087149977684021 -0.05519700050354004
-3.000000106112566e-06 0.049609001725912094 -0.039448998868465424
0.017827000468969345 0.1087149977684021 -0.05519700050354004
-3.000000106112566e-06 0.09948699921369553 -0.04983200132846832
-3.000000106112566e-06 0.049609001725912094 -0.039448998868465424
0.04586799815297127 0.053272001445293427 -0.04377499967813492
0.05298300087451935 0.004379999823868275 -0.11836300045251846
0.011800000444054604 0.12660999596118927 -0.07674200087785721
0.030299000442028046 -0.04049599915742874 -0.09707699716091156
0.05298300087451935 0.004379999823868275 -0.11836300045251846
0.032600998878479004 -0.02394000068306923 -0.07449299842119217
0.05298300087451935 0.004379999823868275 -0.11836300045251846
0.04544999822974205 0.007338999770581722 -0.05433199927210808
0.032600998878479004 -0.02394000068306923 -0.07449299842119217
0.05298300087451935 0.004379999823868275 -0.11836300045251846
0.04586799815297127 0.053272001445293427 -0.04377499967813492
0.04544999822974205 0.007338999770581722 -0.05433199927210808
-0.010466000065207481 -0.10657700151205063 -0.1632709950208664
-3.000000106112566e-06 -0.11946900188922882 -0.16604000329971313
-3.000000106112566e-06 -0.10854899883270264 -0.14717699587345123
-0.010466000065207481 -0.10657700151205063 -0.1632709950208664
-3.000000106112566e-06 -0.11164899915456772 -0.18646100163459778
-3.000000106112566e-06 -0.11946900188922882 -0.16604000329971313
-0.0180830005556345 -0.08206100016832352 -0.17590400576591492
-0.016157999634742737 -0.08579400181770325 -0.18775899708271027
-0.010466000065207481 -0.10657700151205063 -0.1632709950208664
-3.000000106112566e-06 -0.11164899915456772 -0.18646100163459778
-0.016157999634742737 -0.08579400181770325 -0.18775899708271027
-3.000000106112566e-06 -0.10122299939393997 -0.19935399293899536
-0.016157999634742737 -0.08579400181770325 -0.18775899708271027
-3.000000106112566e-06 -0.11164899915456772 -0.18646100163459778
-0.010466000065207481 -0.10657700151205063 -0.1632709950208664
-0.010466000065207481 -0.10657700151205063 -0.1632709950208664
-0.013939999975264072 -0.0783270001411438 -0.16231900453567505
-0.0180830005556345 -0.08206100016832352 -0.17590400576591492
-0.013939999975264072 -0.0783270001411438 -0.16231900453567505
-3.000000106112566e-06 -0.09981399774551392 -0.1565220057964325
-3.000000106112566e-06 -0.08706200122833252 -0.1510699987411499
-0.010466000065207481 -0.10657700151205063 -0.1632709950208664
-3.000000106112566e-06 -0.09981399774551392 -0.1565220057964325
-0.013939999975264072 -0.0783270001411438 -0.16231900453567505
-0.010466000065207481 -0.10657700151205063 -0.1632709950208664
-3.000000106112566e-06 -0.10854899883270264 -0.14717699587345123
0.0003319999959785491 -0.10657700151205063 -0.1632709950208664
-0.010466000065207481 -0.10657700151205063 -0.1632709950208664
0.0003319999959785491 -0.10657700151205063 -0.1632709950208664
-3.000000106112566e-06 -0.09981399774551392 -0.1565220057964325
-0.017664000391960144 -0.06620900332927704 -0.14847500622272491
-3.000000106112566e-06 -0.08706200122833252 -0.1510699987411499
-3.000000106112566e-06 -0.086217001080513 -0.13471700251102448
0.010502999648451805 -0.10657700151205063 -0.1632709950208664
-3.000000106112566e-06 -0.10854899883270264 -0.14717699587345123
-3.000000106112566e-06 -0.11946900188922882 -0.16604000329971313
0.010502999648451805 -0.10657700151205063 -0.1632709950208664
-3.000000106112566e-06 -0.11946900188922882 -0.16604000329971313
-3.000000106112566e-06 -0.11164899915456772 -0.18646100163459778
0.018077999353408813 -0.08206100016832352 -0.17590400576591492
0.010502999648451805 -0.10657700151205063 -0.1632709950208664
0.01619499921798706 -0.08579400181770325 -0.18775899708271027
-3.000000106112566e-06 -0.11164899915456772 -0.18646100163459778
-3.000000106112566e-06 -0.10122299939393997 -0.19935399293899536
0.01619499921798706 -0.08579400181770325 -0.18775899708271027
0.01619499921798706 -0.08579400181770325 -0.18775899708271027
0.010502999648451805 -0.10657700151205063 -0.1632709950208664
-3.000000106112566e-06 -0.11164899915456772 -0.18646100163459778
0.010502999648451805 -0.10657700151205063 -0.1632709950208664
0.018077999353408813 -0.08206100016832352 -0.17590400576591492
0.013976000249385834 -0.0783270001411438 -0.16231900453567505
0.013976000249385834 -0.0783270001411438 -0.16231900453567505
-3.000000106112566e-06 -0.08706200122833252 -0.1510699987411499
-3.000000106112566e-06 -0.09981399774551392 -0.1565220057964325
0.010502999648451805 -0.10657700151205063 -0.1632709950208664
0.013976000249385834 -0.0783270001411438 -0.16231900453567505
-3.000000106112566e-06 -0.09981399774551392 -0.1565220057964325
0.010502999648451805 -0.10657700151205063 -0.1632709950208664
-0.0003370000049471855 -0.10657700151205063 -0.1632709950208664
0.010502999648451805 -0.10657700151205063 -0.1632709950208664
-0.0003370000049471855 -0.10657700151205063 -0.1632709950208664
0.01765899918973446 -0.06620900332927704 -0.14847500622272491
-3.000000106112566e-06 -0.086217001080513 -0.13471700251102448
-3.000000106112566e-06 -0.08706200122833252 -0.1510699987411499
-3.000000106112566e-06 -0.08206100016832352 -0.2156209945678711
-0.01879500038921833 -0.0655049979686737 -0.19762299954891205
-3.000000106112566e-06 -0.06148900091648102 -0.21224699914455414
-0.01879500038921833 -0.0655049979686737 -0.19762299954891205
-3.000000106112566e-06 -0.08206100016832352 -0.2156209945678711
-3.000000106112566e-06 -0.09593900293111801 -0.2058439999818802
-3.000000106112566e-06 -0.06148900091648102 -0.21224699914455414
-0.01879500038921833 -0.0655049979686737 -0.19762299954891205
-0.021640999242663383 -0.043877001851797104 -0.1771160066127777
-3.000000106112566e-06 -0.08206100016832352 -0.2156209945678711
-3.000000106112566e-06 -0.06148900091648102 -0.21224699914455414
0.018789000809192657 -0.0655049979686737 -0.19762299954891205
0.018789000809192657 -0.0655049979686737 -0.19762299954891205
-3.000000106112566e-06 -0.09593900293111801 -0.2058439999818802
-3.000000106112566e-06 -0.08206100016832352 -0.2156209945678711
-3.000000106112566e-06 -0.06148900091648102 -0.21224699914455414
0.02163499966263771 -0.043877001851797104 -0.1771160066127777
0.018789000809192657 -0.0655049979686737 -0.19762299954891205
-0.021640999242663383 -0.043877001851797104 -0.1771160066127777
-0.01766500063240528 -0.06621000170707703 -0.14847500622272491
-0.026579000055789948 -0.03175999969244003 -0.138264998793602
-0.026579000055789948 -0.03175999969244003 -0.138264998793602
-0.01766500063240528 -0.06621000170707703 -0.14847500622272491
-0.03030399978160858 -0.04049599915742874 -0.09707699716091156
-0.026579000055789948 -0.03175999969244003 -0.138264998793602
-0.03030399978160858 -0.04049599915742874 -0.09707699716091156
-0.03256399929523468 -0.014992999844253063 -0.12467899918556213
-0.03030399978160858 -0.04049599915742874 -0.09707699716091156
-0.01766500063240528 -0.06621000170707703 -0.14847500622272491
-3.000000106112566e-06 -0.07198599725961685 -0.09837500005960464
-0.03030399978160858 -0.04049599915742874 -0.09707699716091156
-3.000000106112566e-06 -0.044089000672101974 -0.05986899882555008
-0.03260599821805954 -0.02394000068306923 -0.07449299842119217
-3.000000106112566e-06 -0.07198599725961685 -0.09837500005960464
-0.01766500063240528 -0.06621000170707703 -0.14847500622272491
-3.000000106112566e-06 -0.086217001080513 -0.13471700251102448
-0.03486600145697594 0.007621000055223703 -0.056407999247312546
-0.045455001294612885 0.007338999770581722 -0.05433199927210808
-0.03260599821805954 -0.02394000068306923 -0.07449299842119217
-0.01180499978363514 0.12660999596118927 -0.07674200087785721
-0.04583200067281723 0.053272001445293427 -0.04377499967813492
-0.028838999569416046 0.043832000344991684 -0.05762000009417534
-0.028838999569416046 0.043832000344991684 -0.05762000009417534
-0.045455001294612885 0.007338999770581722 -0.05433199927210808
-0.03486600145697594 0.007621000055223703 -0.056407999247312546
-3.000000106112566e-06 0.08088800311088562 -0.10382600128650665
-0.01180499978363514 0.12660999596118927 -0.07674200087785721
-3.000000106112566e-06 0.12076199799776077 -0.06973399966955185
-0.03260599821805954 -0.02394000068306923 -0.07449299842119217
-3.000000106112566e-06 0.00022400000307243317 -0.038756001740694046
-0.03486600145697594 0.007621000055223703 -0.056407999247312546
-0.01180499978363514 0.12660999596118927 -0.07674200087785721
-3.000000106112566e-06 0.23341000080108643 9.000000318337698e-06
-3.000000106112566e-06 0.12076199799776077 -0.06973399966955185
-0.03030399978160858 -0.04049599915742874 -0.09707699716091156
-3.000000106112566e-06 -0.07198599725961685 -0.09837500005960464
-3.000000106112566e-06 -0.044089000672101974 -0.05986899882555008
-0.03260599821805954 -0.02394000068306923 -0.07449299842119217
-3.000000106112566e-06 -0.044089000672101974 -0.05986899882555008
-3.000000106112566e-06 0.00022400000307243317 -0.038756001740694046
-3.000000106112566e-06 0.00022400000307243317 -0.038756001740694046
-3.000000106112566e-06 0.049609001725912094 -0.039448998868465424
-0.017581000924110413 0.017625000327825546 -0.03641999885439873
-0.01783199980854988 0.10871600359678268 -0.05519700050354004
-3.000000106112566e-06 0.23341000080108643 9.000000318337698e-06
-0.038088999688625336 0.24806399643421173 9.000000318337698e-06
-3.000000106112566e-06 0.23341000080108643 9.000000318337698e-06
-0.01783199980854988 0.10871600359678268 -0.05519700050354004
-3.000000106112566e-06 0.09948699921369553 -0.04983200132846832
-3.000000106112566e-06 0.049609001725912094 -0.039448998868465424
-0.028838999569416046 0.043832000344991684 -0.05762000009417534
-0.016366999596357346 0.03234900161623955 -0.03607400134205818
-0.03486600145697594 0.007621000055223703 -0.056407999247312546
-0.03348499909043312 0.027488000690937042 -0.04178500175476074
-0.028838999569416046 0.043832000344991684 -0.05762000009417534
-3.000000106112566e-06 0.00022400000307243317 -0.038756001740694046
-0.033025000244379044 0.015510999597609043 -0.04074599966406822
-0.03486600145697594 0.007621000055223703 -0.056407999247312546
-0.02118000015616417 0.021570000797510147 -0.014960999600589275
-0.017581000924110413 0.017625000327825546 -0.03641999885439873
-0.016366999596357346 0.03234900161623955 -0.03607400134205818
-0.028629999607801437 0.012481999583542347 -0.01807600073516369
-0.017581000924110413 0.017625000327825546 -0.03641999885439873
-0.02113799937069416 0.014313999563455582 -0.016258999705314636
-0.02825300022959709 0.019526999443769455 -0.016690999269485474
-0.033025000244379044 0.015510999597609043 -0.04074599966406822
-0.028629999607801437 0.012481999583542347 -0.01807600073516369
-0.02825300022959709 0.019526999443769455 -0.016690999269485474
-0.016366999596357346 0.03234900161623955 -0.03607400134205818
-0.03348499909043312 0.027488000690937042 -0.04178500175476074
-0.028838999569416046 0.043832000344991684 -0.05762000009417534
-0.03348499909043312 0.027488000690937042 -0.04178500175476074
-0.016366999596357346 0.03234900161623955 -0.03607400134205818
-0.03486600145697594 0.007621000055223703 -0.056407999247312546
-0.033025000244379044 0.015510999597609043 -0.04074599966406822
-0.03348499909043312 0.027488000690937042 -0.04178500175476074
-3.000000106112566e-06 0.00022400000307243317 -0.038756001740694046
-0.017581000924110413 0.017625000327825546 -0.03641999885439873
-0.033025000244379044 0.015510999597609043 -0.04074599966406822
-3.000000106112566e-06 0.049609001725912094 -0.039448998868465424
-0.016366999596357346 0.03234900161623955 -0.03607400134205818
-0.017581000924110413 0.017625000327825546 -0.03641999885439873
-0.028838999569416046 0.043832000344991684 -0.05762000009417534
-0.04583200067281723 0.053272001445293427 -0.04377499967813492
-0.045455001294612885 0.007338999770581722 -0.05433199927210808
-0.02825300022959709 0.019526999443769455 -0.016690999269485474
-0.03348499909043312 0.027488000690937042 -0.04178500175476074
-0.033025000244379044 0.015510999597609043 -0.04074599966406822
-0.02825300022959709 0.019526999443769455 -0.016690999269485474
-0.02118000015616417 0.021570000797510147 -0.014960999600589275
-0.016366999596357346 0.03234900161623955 -0.03607400134205818
-0.028629999607801437 0.012481999583542347 -0.01807600073516369
-0.033025000244379044 0.015510999597609043 -0.04074599966406822
-0.017581000924110413 0.017625000327825546 -0.03641999885439873
-0.02118000015616417 0.021570000797510147 -0.014960999600589275
-0.02113799937069416 0.014313999563455582 -0.016258999705314636
-0.017581000924110413 0.017625000327825546 -0.03641999885439873
0.02163499966263771 -0.043877001851797104 -0.1771160066127777
0.02661599963903427 -0.03175999969244003 -0.138264998793602
0.01765899918973446 -0.06621000170707703 -0.14847500622272491
0.02661599963903427 -0.03175999969244003 -0.138264998793602
0.030299000442028046 -0.04049599915742874 -0.09707699716091156
0.01765899918973446 -0.06621000170707703 -0.14847500622272491
0.02661599963903427 -0.03175999969244003 -0.138264998793602
0.032558999955654144 -0.014992999844253063 -0.12467899918556213
0.030299000442028046 -0.04049599915742874 -0.09707699716091156
0.030299000442028046 -0.04049599915742874 -0.09707699716091156
-3.000000106112566e-06 -0.07198599725961685 -0.09837500005960464
0.01765899918973446 -0.06621000170707703 -0.14847500622272491
0.030299000442028046 -0.04049599915742874 -0.09707699716091156
0.032600998878479004 -0.02394000068306923 -0.07449299842119217
-3.000000106112566e-06 -0.044089000672101974 -0.05986899882555008
-3.000000106112566e-06 -0.07198599725961685 -0.09837500005960464
-3.000000106112566e-06 -0.086217001080513 -0.13471700251102448
0.01765899918973446 -0.06621000170707703 -0.14847500622272491
0.0348609983921051 0.007621000055223703 -0.056407999247312546
0.032600998878479004 -0.02394000068306923 -0.07449299842119217
0.04544999822974205 0.007338999770581722 -0.05433199927210808
0.011800000444054604 0.12660999596118927 -0.07674200087785721
0.02883400022983551 0.043832000344991684 -0.05762000009417534
0.04586799815297127 0.053272001445293427 -0.04377499967813492
0.02883400022983551 0.043832000344991684 -0.05762000009417534
0.0348609983921051 0.007621000055223703 -0.056407999247312546
0.04544999822974205 0.007338999770581722 -0.05433199927210808
-3.000000106112566e-06 0.08088800311088562 -0.10382600128650665
-3.000000106112566e-06 0.12076199799776077 -0.06973399966955185
0.011800000444054604 0.12660999596118927 -0.07674200087785721
0.032600998878479004 -0.02394000068306923 -0.07449299842119217
0.0348609983921051 0.007621000055223703 -0.056407999247312546
-3.000000106112566e-06 0.00022400000307243317 -0.038756001740694046
0.011800000444054604 0.12660999596118927 -0.07674200087785721
-3.000000106112566e-06 0.12076199799776077 -0.06973399966955185
-3.000000106112566e-06 0.23341000080108643 9.000000318337698e-06
0.030299000442028046 -0.04049599915742874 -0.09707699716091156
-3.000000106112566e-06 -0.044089000672101974 -0.05986899882555008
-3.000000106112566e-06 -0.07198599725961685 -0.09837500005960464
0.032600998878479004 -0.02394000068306923 -0.07449299842119217
-3.000000106112566e-06 0.00022400000307243317 -0.038756001740694046
-3.000000106112566e-06 -0.044089000672101974 -0.05986899882555008
-3.000000106112566e-06 0.00022400000307243317 -0.038756001740694046
0.017575999721884727 0.017625000327825546 -0.03641999885439873
-3.000000106112566e-06 0.049609001725912094 -0.039448998868465424
0.017827000468969345 0.10871600359678268 -0.05519700050354004
0.0380840003490448 0.24806399643421173 9.000000318337698e-06
-3.000000106112566e-06 0.23341000080108643 9.000000318337698e-06
-3.000000106112566e-06 0.23341000080108643 9.000000318337698e-06
-3.000000106112566e-06 0.09948699921369553 -0.04983200132846832
0.017827000468969345 0.10871600359678268 -0.05519700050354004
-3.000000106112566e-06 0.049609001725912094 -0.039448998868465424
0.01640399917960167 0.03234900161623955 -0.03607400134205818
0.02883400022983551 0.043832000344991684 -0.05762000009417534
0.0348609983921051 0.007621000055223703 -0.056407999247312546
0.02883400022983551 0.043832000344991684 -0.05762000009417534
0.033479999750852585 0.027488000690937042 -0.04178500175476074
-3.000000106112566e-06 0.00022400000307243317 -0.038756001740694046
0.0348609983921051 0.007621000055223703 -0.056407999247312546
0.03301899880170822 0.015510999597609043 -0.04074599966406822
0.021175000816583633 0.021570000797510147 -0.014960999600589275
0.01640399917960167 0.03234900161623955 -0.03607400134205818
0.017575999721884727 0.017625000327825546 -0.03641999885439873
0.0286250002682209 0.012481999583542347 -0.01807600073516369
0.021133000031113625 0.014313999563455582 -0.016258999705314636
0.017575999721884727 0.017625000327825546 -0.03641999885439873
0.028248000890016556 0.019526999443769455 -0.016690999269485474
0.0286250002682209 0.012481999583542347 -0.01807600073516369
0.03301899880170822 0.015510999597609043 -0.04074599966406822
0.028248000890016556 0.019526999443769455 -0.016690999269485474
0.033479999750852585 0.027488000690937042 -0.04178500175476074
0.01640399917960167 0.03234900161623955 -0.03607400134205818
0.02883400022983551 0.043832000344991684 -0.05762000009417534
0.01640399917960167 0.03234900161623955 -0.03607400134205818
0.033479999750852585 0.027488000690937042 -0.04178500175476074
0.0348609983921051 0.007621000055223703 -0.056407999247312546
0.033479999750852585 0.027488000690937042 -0.04178500175476074
0.03301899880170822 0.015510999597609043 -0.04074599966406822
-3.000000106112566e-06 0.00022400000307243317 -0.038756001740694046
0.03301899880170822 0.015510999597609043 -0.04074599966406822
0.017575999721884727 0.017625000327825546 -0.03641999885439873
-3.000000106112566e-06 0.049609001725912094 -0.039448998868465424
0.017575999721884727 0.017625000327825546 -0.03641999885439873
0.01640399917960167 0.03234900161623955 -0.03607400134205818
0.02883400022983551 0.043832000344991684 -0.05762000009417534
0.04544999822974205 0.007338999770581722 -0.05433199927210808
0.04586799815297127 0.053272001445293427 -0.04377499967813492
0.028248000890016556 0.019526999443769455 -0.016690999269485474
0.03301899880170822 0.015510999597609043 -0.04074599966406822
0.033479999750852585 0.027488000690937042 -0.04178500175476074
0.028248000890016556 0.019526999443769455 -0.016690999269485474
0.01640399917960167 0.03234900161623955 -0.03607400134205818
0.021175000816583633 0.021570000797510147 -0.014960999600589275
0.0286250002682209 0.012481999583542347 -0.01807600073516369
0.017575999721884727 0.017625000327825546 -0.03641999885439873
0.03301899880170822 0.015510999597609043 -0.04074599966406822
0.021175000816583633 0.021570000797510147 -0.014960999600589275
0.017575999721884727 0.017625000327825546 -0.03641999885439873
0.021133000031113625 0.014313999563455582 -0.016258999705314636
